1
0
2
0
3
1
4
3
5
6
6
10
7
15
8
21
9
28
10
36
11
45
12
55
13
66
14
78
15
91
16
105
17
120
18
136
19
153
20
171
21
190
22
210
23
231
24
253
25
276
26
300
27
325
28
351
29
378
30
406
31
435
32
465
33
496
34
528
35
561
36
595
37
630
38
666
39
703
40
741
41
780
42
820
43
861
44
903
45
946
46
990
47
1035
48
1081
49
1128
50
1176
51
1225
52
1275
53
1326
54
1378
55
1431
56
1485
57
1540
58
1596
59
1653
60
1711
61
1770
62
1830
63
1891
64
1953
65
2016
66
2080
67
2145
68
2211
69
2278
70
2346
71
2415
72
2485
73
2556
74
2628
75
2701
76
2775
77
2850
78
2926
79
3003
80
3081
81
3160
82
3240
83
3321
84
3403
85
3486
86
3570
87
3655
88
3741
89
3828
90
3916
91
4005
92
4095
93
4186
94
4278
95
4371
96
4465
97
4560
98
4656
99
4753
100
4851
101
4950
102
5050
103
5050
104
5151
105
5253
106
5356
107
5460
108
5565
109
5671
110
5778
111
5886
112
5995
113
6105
114
6216
115
6328
116
6441
117
6555
118
6670
119
6786
120
6903
121
7021
122
7140
123
7260
124
7381
125
7503
126
7626
127
7875
128
8001
129
8128
130
8256
131
8385
132
8515
133
8646
134
8778
135
8911
136
9045
137
9180
138
9316
139
9453
140
9591
141
9730
142
9870
143
10011
144
10153
145
10296
146
10440
147
10585
148
10731
149
10878
150
11026
151
11175
152
11325
153
11476
154
11628
155
11781
156
11935
157
12090
158
12246
159
12403
160
12561
161
12720
162
12880
163
13041
164
13203
165
13366
166
13530
167
13695
168
13861
169
14028
170
14196
171
14365
172
14535
173
14706
174
14878
175
15051
176
15225
177
15400
178
15576
179
15753
180
15931
181
16110
182
16290
183
16471
184
16653
185
16836
186
17020
187
17205
188
17391
189
17578
190
17766
191
17955
192
18145
193
18336
194
18528
195
18721
196
18915
197
19110
198
19306
199
19503
200
19701
201
19900
202
20100
203
20301
204
20503
205
20706
206
20910
207
21115
208
21321
209
21528
210
21736
211
21945
212
22155
213
22366
214
22578
215
22791
216
23005
217
23220
218
23436
219
23653
220
23871
221
24090
222
24310
223
24531
224
24753
225
24976
226
25200
227
25425
228
25651
229
25878
230
26106
231
26335
232
26565
233
26796
234
27028
235
27261
236
27495
237
27730
238
27966
239
28203
240
28441
241
28680
242
28920
243
29161
244
29403
245
29646
246
29890
247
30135
248
30381
249
30628
250
30876
251
31125
252
31375
253
31626
254
31626
255
31878
256
32131
257
32385
258
32640
259
32896
260
33153
261
33411
262
33670
263
33930
264
34191
265
34453
266
34716
267
34980
268
35245
269
35511
270
35778
271
36046
272
36315
273
36585
274
36856
275
37128
276
37401
277
37675
278
37950
279
38226
280
38503
281
38781
282
39060
283
39340
284
39621
285
39903
286
40186
287
40470
288
40755
289
41041
290
41328
291
41616
292
41905
293
42195
294
42486
295
42778
296
43071
297
43365
298
43660
299
43660
300
43956
301
44253
302
44551
303
44850
304
45150
305
45451
306
45753
307
46056
308
46360
309
46665
310
46971
311
47278
312
47278
313
47586
314
47895
315
48205
316
48516
317
48828
318
49141
319
49455
320
49770
321
50086
322
50403
323
50721
324
51040
325
51360
326
51681
327
52003
328
52326
329
52650
330
52975
331
53301
332
53628
333
53956
334
54285
335
54615
336
54946
337
55278
338
55611
339
55945
340
56280
341
56616
342
56953
343
57291
344
57630
345
57970
346
58311
347
58653
348
58996
349
59340
350
59685
351
60031
352
60378
353
60726
354
61075
355
61425
356
61776
357
62128
358
62481
359
62835
360
63190
361
63546
362
63903
363
64261
364
64620
365
64980
366
65341
367
65703
368
66066
369
66430
370
66795
371
67161
372
67528
373
67896
374
68265
375
68635
376
69006
377
69378
378
69751
379
70125
380
70500
381
70876
382
71253
383
71631
384
72010
385
72390
386
72771
387
73153
388
73536
389
73920
390
74305
391
74691
392
75078
393
75466
394
75855
395
76245
396
76636
397
77028
398
77421
399
77815
400
78210
401
78606
402
79003
403
79401
404
79800
405
80200
406
80601
407
81003
408
81406
409
81810
410
82215
411
82621
412
83028
413
83436
414
83845
415
84255
416
84666
417
85078
418
85491
419
85905
420
86320
421
86320
422
86736
423
87153
424
87571
425
87990
426
88410
427
88831
428
89253
429
89676
430
90100
431
90525
432
90951
433
91378
434
91806
435
92235
436
92665
437
93096
438
93528
439
93961
440
94395
441
94830
442
95266
443
95703
444
96141
445
96580
446
97020
447
97461
448
97903
449
98346
450
98790
451
99235
452
99681
453
100128
454
100576
455
101025
456
101475
457
101926
458
102378
459
102831
460
103285
461
103740
462
104196
463
104653
464
105111
465
105570
466
106030
467
106491
468
106953
469
107416
470
107880
471
108345
472
108811
473
109278
474
109746
475
110215
476
112101
477
112575
478
113050
479
113526
480
113526
481
114003
482
114481
483
114960
484
115440
485
115921
486
116403
487
116886
488
117370
489
117855
490
118341
491
118828
492
119316
493
119805
494
120295
495
120786
496
121278
497
121771
498
122265
499
122760
500
123256
501
123256
502
123753
503
124251
504
124750
505
125250
506
125751
507
126253
508
126756
509
127260
510
127765
511
128271
512
128778
513
129286
514
129795
515
130305
516
130816
517
131328
518
131841
519
132355
520
132870
521
133386
522
133903
523
134421
524
134940
525
135460
526
135981
527
136503
528
137026
529
137550
530
138075
531
138601
532
139128
533
139656
534
140185
535
140715
536
141246
537
141778
538
141778
539
142311
540
142845
541
143380
542
143916
543
144453
544
144991
545
145530
546
146070
547
146611
548
147153
549
147696
550
148240
551
148785
552
149331
553
149878
554
150426
555
150975
556
151525
557
152076
558
152628
559
153181
560
153735
561
154290
562
154846
563
155403
564
155961
565
156520
566
157080
567
157641
568
158203
569
158766
570
159330
571
159895
572
160461
573
161028
574
161596
575
162165
576
162735
577
163306
578
163878
579
164451
580
165025
581
165600
582
166176
583
166753
584
167331
585
167910
586
168490
587
169071
588
169653
589
170236
590
170820
591
171405
592
171991
593
172578
594
173166
595
173755
596
174345
597
174936
598
175528
599
176121
600
176715
601
177310
602
177906
603
178503
604
179101
605
179700
606
180300
607
180901
608
181503
609
182106
610
182710
611
183315
612
183921
613
184528
614
185136
615
185745
616
186355
617
186966
618
187578
619
188191
620
188805
621
189420
622
190036
623
190653
624
191271
625
191890
626
192510
627
193131
628
193753
629
194376
630
195000
631
195625
632
196251
633
196878
634
197506
635
198135
636
198765
637
199396
638
200028
639
200661
640
201295
641
201930
642
202566
643
203203
644
203841
645
204480
646
205120
647
205761
648
206403
649
207046
650
207690
651
208335
652
208981
653
209628
654
210276
655
210925
656
211575
657
212226
658
212878
659
213531
660
214185
661
214840
662
215496
663
216153
664
216811
665
217470
666
218130
667
218791
668
219453
669
220116
670
220780
671
221445
672
222111
673
222778
674
223446
675
224115
676
224785
677
225456
678
226128
679
226801
680
227475
681
228150
682
228826
683
229503
684
230181
685
230860
686
231540
687
232221
688
232903
689
233586
690
234270
691
234955
692
235641
693
236328
694
237016
695
237705
696
238395
697
239086
698
239778
699
240471
700
241165
701
241860
702
242556
703
243253
704
243951
705
244650
706
245350
707
246051
708
246753
709
247456
710
248160
711
248865
712
249571
713
250278
714
250986
715
251695
716
252405
717
253116
718
253828
719
254541
720
255255
721
255970
722
256686
723
257403
724
258121
725
258840
726
259560
727
260281
728
261003
729
261726
730
262450
731
263175
732
263901
733
264628
734
265356
735
266085
736
266815
737
267546
738
268278
739
269011
740
269745
741
270480
742
271216
743
271953
744
272691
745
273430
746
274170
747
274911
748
275653
749
276396
750
277140
751
277885
752
278631
753
279378
754
280126
755
280875
756
281625
757
282376
758
283128
759
283881
760
284635
761
285390
762
286146
763
286903
764
287661
765
288420
766
289180
767
289941
768
290703
769
291466
770
292230
771
292995
772
293761
773
294528
774
294528
775
295296
776
296065
777
296835
778
297606
779
298378
780
299151
781
299925
782
300700
783
301476
784
302253
785
303031
786
303810
787
304590
788
305371
789
306153
790
306936
791
307720
792
308505
793
309291
794
310078
795
310866
796
311655
797
312445
798
313236
799
314028
800
314821
801
315615
802
316410
803
317206
804
318003
805
318801
806
319600
807
320400
808
321201
809
322003
810
322806
811
323610
812
324415
813
325221
814
326028
815
326836
816
327645
817
328455
818
329266
819
330078
820
330891
821
331705
822
332520
823
333336
824
334153
825
334971
826
335790
827
336610
828
337431
829
338253
830
339076
831
339900
832
340725
833
341551
834
342378
835
343206
836
344035
837
344865
838
345696
839
346528
840
347361
841
348195
842
349030
843
349866
844
350703
845
351541
846
352380
847
353220
848
355746
849
356590
850
357435
851
358281
852
359128
853
359976
854
360825
855
361675
856
362526
857
363378
858
364231
859
365085
860
365940
861
366796
862
367653
863
368511
864
369370
865
370230
866
371091
867
371953
868
372816
869
373680
870
374545
871
375411
872
376278
873
377146
874
378015
875
378885
876
379756
877
380628
878
381501
879
382375
880
383250
881
384126
882
385003
883
385881
884
386760
885
387640
886
388521
887
389403
888
390286
889
391170
890
392055
891
392941
892
393828
893
394716
894
395605
895
396495
896
397386
897
398278
898
399171
899
400065
900
400960
901
401856
902
402753
903
403651
904
404550
905
405450
906
406351
907
407253
908
408156
909
409060
910
409965
911
410871
912
411778
913
412686
914
413595
915
414505
916
415416
917
416328
918
417241
919
418155
920
419070
921
419986
922
420903
923
421821
924
422740
925
423660
926
424581
927
425503
928
426426
929
427350
930
428275
931
429201
932
430128
933
431056
934
431985
935
432915
936
433846
937
434778
938
435711
939
436645
940
437580
941
438516
942
439453
943
440391
944
441330
945
442270
946
443211
947
444153
948
445096
949
446040
950
446985
951
447931
952
448878
953
449826
954
450775
955
451725
956
452676
957
453628
958
454581
959
455535
960
456490
961
457446
962
458403
963
459361
964
460320
965
461280
966
462241
967
463203
968
464166
969
465130
970
466095
971
467061
972
468028
973
468996
974
469965
975
470935
976
471906
977
472878
978
473851
979
474825
980
475800
981
476776
982
477753
983
478731
984
479710
985
480690
986
481671
987
482653
988
483636
989
484620
990
485605
991
486591
992
487578
993
488566
994
489555
995
490545
996
491536
997
492528
998
493521
999
494515
