1
0
2
1
3
2
4
4
5
6
6
9
7
12
8
16
9
20
10
25
11
30
12
36
13
42
14
49
15
56
16
64
17
72
18
81
19
90
20
91
21
101
22
111
23
122
24
133
25
145
26
157
27
167
28
181
29
194
30
202
31
216
32
232
33
247
34
262
35
279
36
297
37
314
38
333
39
351
40
369
41
388
42
407
43
425
44
448
45
468
46
488
47
511
48
534
49
559
50
582
51
605
52
628
53
652
54
676
55
705
56
708
57
733
58
759
59
777
60
805
61
832
62
837
63
864
64
891
65
919
66
955
67
984
68
1002
69
1013
70
1042
71
1046
72
1076
73
1101
74
1129
75
1159
76
1190
77
1213
78
1231
79
1250
80
1281
81
1313
82
1325
83
1368
84
1401
85
1434
86
1468
87
1502
88
1543
89
1550
90
1560
91
1595
92
1650
93
1668
94
1709
95
1746
96
1749
97
1777
98
1820
99
1842
100
1880
101
1938
102
1966
103
2005
104
2041
105
2080
106
2120
107
2156
108
2182
109
2222
110
2263
111
2265
112
2306
113
2370
114
2393
115
2435
116
2477
117
2520
118
2557
119
2620
120
2624
121
2668
122
2677
123
2682
124
2688
125
2729
126
2773
127
2847
128
2851
129
2867
130
2901
131
2946
132
2967
133
3013
134
3040
135
3086
136
3132
137
3179
138
3209
139
3230
140
3277
141
3350
142
3373
143
3421
144
3457
145
3506
146
3557
147
3622
148
3668
149
3679
150
3729
151
3780
152
3831
153
3882
154
3933
155
3985
156
4021
157
4084
158
4092
159
4132
160
4185
161
4229
162
4247
163
4353
164
4392
165
4445
166
4499
167
4531
168
4582
169
4606
170
4660
171
4705
172
4758
173
4764
174
4800
175
4905
176
4960
177
4966
178
5012
179
5041
180
5058
181
5082
182
5205
183
5316
184
5334
185
5391
186
5404
187
5461
188
5482
189
5590
190
5609
191
5610
192
5668
193
5711
194
5716
195
5743
196
5759
197
5817
198
5876
199
5935
200
5959
201
6042
202
6077
203
6137
204
6184
205
6245
206
6257
207
6282
208
6343
209
6405
210
6468
211
6481
212
6486
213
6549
214
6572
215
6693
216
6734
217
6772
218
6836
219
6900
220
6960
221
6975
222
7039
223
7083
224
7143
225
7207
226
7271
227
7336
228
7401
229
7485
230
7545
231
7550
232
7555
233
7563
234
7565
235
7618
236
7684
237
7697
238
7763
239
7829
240
7895
241
7946
242
7948
243
8014
244
8039
245
8065
246
8080
247
8147
248
8214
249
8224
250
8268
251
8304
252
8327
253
8346
254
8413
255
8480
256
8481
257
8546
258
8613
259
8680
260
8829
261
8870
262
8938
263
8967
264
9073
265
9142
266
9211
267
9253
268
9323
269
9393
270
9422
271
9492
272
9528
273
9559
274
9627
275
9691
276
9751
277
9821
278
9861
279
9895
280
9965
281
10035
282
10106
283
10128
284
10142
285
10205
286
10222
287
10237
288
10273
289
10344
290
10415
291
10477
292
10614
293
10681
294
10753
295
10825
296
10873
297
10946
298
10985
299
11029
300
11098
301
11170
302
11195
303
11401
304
11410
305
11412
306
11486
307
11558
308
11632
309
11655
310
11667
311
11741
312
11940
313
12015
314
12028
315
12061
316
12117
317
12148
318
12197
319
12272
320
12301
321
12341
322
12403
323
12475
324
12487
325
12549
326
12617
327
12679
328
12732
329
12744
330
12754
331
12779
332
12855
333
12893
334
12931
335
13007
336
13046
337
13065
338
13135
339
13163
340
13206
341
13282
342
13299
343
13361
344
13434
345
13464
346
13540
347
13571
348
13633
349
13679
350
13707
351
13784
352
13861
353
13938
354
14005
355
14006
356
14061
357
14097
358
14160
359
14170
360
14219
361
14293
362
14329
363
14366
364
14380
365
14455
366
14489
367
14543
368
14620
369
14628
370
14705
371
14745
372
14822
373
14826
374
14831
375
14895
376
14928
377
14930
378
15008
379
15086
380
15133
381
15159
382
15238
383
15274
384
15294
385
15353
386
15390
387
15466
388
15545
389
15549
390
15628
391
15675
392
15752
393
15777
394
15857
395
15937
396
15941
397
15962
398
16009
399
16089
400
16117
401
16149
402
16188
403
16453
404
16490
405
16534
406
16615
407
16686
408
16732
409
16813
410
16882
411
16963
412
16975
413
17037
414
17069
415
17102
416
17125
417
17196
418
17206
419
17227
420
17301
421
17383
422
17453
423
17506
424
17531
425
17588
426
17634
427
17662
428
17742
429
17824
430
17852
431
17862
432
17890
433
17958
434
17989
435
18054
436
18067
437
18086
438
18123
439
18182
440
18187
441
18195
442
18249
443
18266
444
18335
445
18417
446
18468
447
18551
448
18610
449
18672
450
18687
451
18720
452
18781
453
18864
454
18947
455
19030
456
19073
457
19106
458
19121
459
19145
460
19173
461
19216
462
19250
463
19307
464
19319
465
19384
466
19407
467
19432
468
19516
469
19576
470
19660
471
19744
472
19812
473
19852
474
19860
475
19898
476
19925
477
19983
478
20014
479
20098
480
20118
481
20164
482
20184
483
20265
484
20297
485
20305
486
20373
487
20449
488
20490
489
20573
490
20574
491
20643
492
20669
493
20704
494
20730
495
20768
496
20770
497
20819
498
20883
499
20968
500
20978
501
21027
502
21102
503
21180
504
21265
505
21348
506
21364
507
21381
508
21422
509
21470
510
21475
511
21537
512
21622
513
21647
514
21690
515
21717
516
21750
517
21761
518
21766
519
21840
520
21925
521
21931
522
21975
523
21996
524
22036
525
22106
526
22166
527
22207
528
22227
529
22251
530
22279
531
22309
532
22383
533
22388
534
22397
535
22461
536
22546
537
22572
538
22654
539
22682
540
22756
541
22841
542
22927
543
22996
544
23008
545
23042
546
23128
547
23174
548
23220
549
23222
550
23243
551
23284
552
23292
553
23357
554
23420
555
23468
556
23503
557
23527
558
23613
559
23669
560
23718
561
23736
562
23822
563
23845
564
23867
565
23953
566
24039
567
24048
568
24070
569
24140
570
24178
571
24264
572
24321
573
24350
574
24416
575
24486
576
24550
577
24613
578
24629
579
24640
580
24705
581
24742
582
24795
583
24867
584
24870
585
24887
586
24907
587
24945
588
24986
589
24996
590
25082
591
25168
592
25197
593
25278
594
25291
595
25342
596
25420
597
25422
598
25483
599
25484
600
25556
601
25557
602
25643
603
25672
604
25702
605
25765
606
25766
607
25852
608
25878
609
25894
610
25901
611
25987
612
26041
613
26100
614
26164
615
26221
616
26297
617
26382
618
26468
619
26486
620
26573
621
26660
622
27148
623
27173
624
27246
625
27269
626
27346
627
27397
628
27422
629
27460
630
27512
631
27600
632
27639
633
27688
634
27715
635
27784
636
27797
637
27824
638
27888
639
27928
640
27972
641
28043
642
28075
643
28163
644
28193
645
28281
646
28337
647
28344
648
28425
649
28478
650
28504
651
28581
652
28625
653
28659
654
28661
655
28678
656
28735
657
28813
658
28880
659
28961
660
28977
661
28996
662
29074
663
29128
664
29196
665
29201
666
29224
667
29304
668
29335
669
29422
670
29441
671
29516
672
29573
673
29623
674
29696
675
29783
676
29829
677
29858
678
29946
679
29973
680
30054
681
30072
682
30075
683
30099
684
30151
685
30155
686
30195
687
30203
688
30284
689
30291
690
30379
691
30467
692
30493
693
30560
694
30610
695
30698
696
30769
697
30841
698
30914
699
30916
700
30974
701
31062
702
31139
703
31154
704
31195
705
31244
706
31245
707
31332
708
31410
709
31498
710
31511
711
31569
712
31580
713
31595
714
31677
715
31740
716
31759
717
31780
718
31851
719
31939
720
31967
721
32026
722
32114
723
32167
724
32193
725
32239
726
32285
727
32374
728
32392
729
32410
730
32499
731
32575
732
32584
733
32658
734
32747
735
32796
736
32819
737
32908
738
32944
739
33033
740
33116
741
33164
742
33221
743
33310
744
33373
745
33411
746
33467
747
33549
748
33608
749
33634
750
33715
751
33802
752
33887
753
33963
754
34003
755
34013
756
34034
757
34119
758
34125
759
34163
760
34165
761
34168
762
34182
763
34192
764
34269
765
34272
766
34331
767
34421
768
34511
769
34601
770
34691
771
34766
772
34809
773
34864
774
34932
775
34937
776
35027
777
35050
778
35136
779
35188
780
35237
781
35304
782
35342
783
35375
784
35418
785
35495
786
35537
787
35600
788
35662
789
35710
790
35711
791
35775
792
35826
793
35840
794
35914
795
35941
796
35958
797
35990
798
36016
799
36024
800
36051
801
36075
802
36157
803
36226
804
36304
805
36354
806
36427
807
36497
808
36569
809
36628
810
36649
811
36669
812
36695
813
36754
814
36807
815
36875
816
36911
817
37001
818
37032
819
37122
820
37164
821
37195
822
37255
823
37345
824
37390
825
37423
826
37442
827
37503
828
37568
829
37612
830
37681
831
37771
832
37839
833
37890
834
37949
835
37994
836
38085
837
38117
838
38132
839
38204
840
38295
841
38331
842
38422
843
38438
844
38529
845
38573
846
38656
847
38685
848
38723
849
38736
850
38761
851
38841
852
38885
853
38969
854
39041
855
39130
856
39147
857
39237
858
39287
859
39368
860
39402
861
39420
862
39491
863
39492
864
39561
865
39591
866
39637
867
39706
868
39768
869
39828
870
39868
871
39920
872
40011
873
40042
874
40110
875
40198
876
40273
877
40324
878
40341
879
40354
880
40417
881
40458
882
40549
883
40556
884
40581
885
40644
886
40735
887
40776
888
40829
889
40874
890
40896
891
40983
892
41046
893
41137
894
41225
895
41256
896
41278
897
41311
898
41402
899
41486
900
41578
901
41617
902
41652
903
41740
904
41810
905
41812
906
41888
907
41933
908
41986
909
42078
910
42135
911
42150
912
42182
913
42231
914
42253
915
42310
916
42322
917
42339
918
42431
919
42495
920
42556
921
42575
922
42626
923
42649
924
42660
925
42698
926
42752
927
42785
928
42856
929
42909
930
42925
931
42988
932
43080
933
43131
934
43182
935
43243
936
43296
937
43322
938
43327
939
43332
940
43349
941
43411
942
43431
943
43480
944
43490
945
43531
946
43536
947
43557
948
43614
949
43616
950
43701
951
43719
952
43740
953
43775
954
43816
955
43847
956
43920
957
44012
958
44076
959
44119
960
44165
961
44245
962
44251
963
44288
964
44318
965
44375
966
44467
967
44549
968
44631
969
44634
970
44721
971
44813
972
44877
973
44883
974
44929
975
45003
976
45050
977
45101
978
45193
979
45197
980
45249
981
45328
982
45349
983
45421
984
45434
985
45495
986
45498
987
45584
988
45638
989
45704
990
45733
991
45825
992
45870
993
45905
994
45942
995
46017
996
46108
997
46143
998
46200
999
46272
