1
1
2
2
3
1
4
1
5
1
6
2
7
1
8
2
9
2
10
2
11
2
12
2
13
2
14
3
15
2
16
3
17
4
18
3
19
3
20
4
21
4
22
4
23
4
24
4
25
4
26
4
27
5
28
5
29
5
30
5
31
5
32
5
33
6
34
5
35
6
36
6
37
6
38
6
39
6
40
6
41
7
42
6
43
7
44
6
45
6
46
7
47
7
48
7
49
9
50
8
51
8
52
8
53
8
54
8
55
9
56
8
57
8
58
9
59
10
60
9
61
11
62
10
63
11
64
9
65
12
66
10
67
11
68
10
69
11
70
12
71
11
72
11
73
10
74
11
75
11
76
11
77
12
78
15
79
13
80
13
81
13
82
13
83
14
84
14
85
13
86
15
87
12
88
13
89
14
90
14
91
16
92
14
93
17
94
14
95
15
96
15
97
16
98
15
99
17
100
17
101
16
102
16
103
16
104
16
105
18
106
17
107
18
108
17
109
17
110
19
111
18
112
19
113
19
114
17
115
18
116
19
117
18
118
20
119
19
120
19
121
20
122
21
123
21
124
22
125
21
126
21
127
21
128
21
129
21
130
21
131
22
132
23
133
22
134
22
135
22
136
23
137
28
138
21
139
24
140
23
141
26
142
23
143
24
144
24
145
25
146
24
147
23
148
25
149
28
150
27
151
24
152
26
153
28
154
25
155
28
156
29
157
25
158
25
159
38
160
26
161
28
162
27
163
25
164
29
165
27
166
27
167
30
168
27
169
29
170
29
171
32
172
30
173
31
174
28
175
29
176
29
177
29
178
31
179
29
180
30
181
29
182
32
183
31
184
31
185
30
186
30
187
30
188
31
189
34
190
34
191
35
192
35
193
32
194
31
195
33
196
33
197
34
198
34
199
34
200
35
201
36
202
40
203
34
204
37
205
36
206
35
207
34
208
35
209
33
210
33
211
34
212
36
213
39
214
37
215
36
216
34
217
37
218
36
219
37
220
37
221
35
222
36
223
36
224
34
225
36
226
39
227
38
228
35
229
37
230
39
231
36
232
44
233
35
234
40
235
36
236
38
237
36
238
39
239
34
240
38
241
38
242
38
243
36
244
38
245
36
246
36
247
36
248
40
249
37
250
36
251
37
252
38
253
38
254
38
255
38
256
39
257
39
258
36
259
38
260
36
261
34
262
38
263
36
264
39
265
38
266
36
267
39
268
36
269
37
270
39
271
37
272
39
273
35
274
41
275
36
276
37
277
40
278
38
279
39
280
37
281
39
282
39
283
42
284
38
285
39
286
37
287
38
288
38
289
39
290
38
291
39
292
37
293
39
294
37
295
41
296
38
297
41
298
37
299
41
300
39
301
40
302
39
303
37
304
40
305
40
306
38
307
39
308
43
309
40
310
41
311
41
312
40
313
38
314
41
315
38
316
38
317
39
318
43
319
38
320
40
321
43
322
42
323
38
324
39
325
50
326
39
327
42
328
45
329
41
330
42
331
42
332
43
333
44
334
54
335
50
336
45
337
51
338
51
339
43
340
48
341
41
342
45
343
43
344
46
345
56
346
41
347
43
348
51
349
57
350
55
351
52
352
43
353
44
354
43
355
56
356
58
357
45
358
41
359
43
360
47
361
43
362
43
363
45
364
44
365
45
366
51
367
45
368
47
369
45
370
46
371
46
372
49
373
46
374
44
375
45
376
45
377
49
378
51
379
48
380
46
381
44
382
49
383
54
384
45
385
48
386
48
387
54
388
47
389
49
390
49
391
49
392
47
393
53
394
54
395
53
396
49
397
52
398
50
399
49
400
50
401
54
402
48
403
49
404
47
405
50
406
53
407
53
408
55
409
51
410
54
411
48
412
50
413
55
414
49
415
52
416
50
417
53
418
57
419
50
420
55
421
50
422
56
423
56
424
56
425
54
426
50
427
53
428
51
429
54
430
53
431
54
432
54
433
59
434
72
435
75
436
53
437
52
438
53
439
62
440
58
441
56
442
56
443
57
444
60
445
61
446
59
447
57
448
56
449
58
450
58
451
54
452
56
453
55
454
64
455
56
456
66
457
57
458
68
459
60
460
61
461
60
462
63
463
60
464
59
465
56
466
59
467
58
468
56
469
62
470
57
471
55
472
61
473
58
474
59
475
55
476
60
477
60
478
58
479
68
480
59
481
64
482
58
483
64
484
58
485
62
486
65
487
62
488
61
489
70
490
61
491
62
492
64
493
65
494
66
495
63
496
63
497
66
498
63
499
61
500
70
501
61
502
69
503
64
504
65
505
61
506
67
507
63
508
66
509
63
510
64
511
69
512
68
513
64
514
66
515
61
516
68
517
62
518
65
519
65
520
75
521
68
522
68
523
69
524
67
525
62
526
73
527
73
528
85
529
68
530
68
531
66
532
82
533
67
534
68
535
65
536
67
537
69
538
71
539
72
540
79
541
68
542
69
543
71
544
66
545
71
546
69
547
70
548
65
549
70
550
69
551
70
552
71
553
69
554
69
555
72
556
71
557
71
558
68
559
67
560
67
561
74
562
71
563
70
564
76
565
75
566
72
567
72
568
74
569
70
570
72
571
74
572
69
573
70
574
72
575
74
576
73
577
84
578
71
579
70
580
75
581
75
582
77
583
78
584
73
585
75
586
84
587
73
588
75
589
75
590
77
591
81
592
77
593
75
594
74
595
75
596
76
597
77
598
78
599
71
600
77
601
78
602
78
603
87
604
75
605
75
606
80
607
74
608
76
609
91
610
88
611
84
612
82
613
82
614
79
615
86
616
86
617
85
618
78
619
74
620
77
621
79
622
75
623
82
624
77
625
81
626
80
627
80
628
77
629
81
630
83
631
84
632
88
633
84
634
89
635
81
636
83
637
82
638
80
639
91
640
83
641
82
642
84
643
85
644
81
645
82
646
87
647
78
648
80
649
92
650
80
651
83
652
81
653
86
654
84
655
88
656
82
657
80
658
88
659
86
660
86
661
81
662
97
663
83
664
89
665
83
666
89
667
84
668
91
669
89
670
87
671
86
672
85
673
84
674
84
675
92
676
93
677
86
678
86
679
89
680
84
681
95
682
97
683
95
684
95
685
86
686
86
687
88
688
90
689
104
690
88
691
91
692
85
693
98
694
88
695
90
696
91
697
92
698
86
699
85
700
91
701
96
702
85
703
89
704
102
705
90
706
92
707
90
708
92
709
95
710
91
711
94
712
102
713
95
714
94
715
93
716
99
717
95
718
90
719
96
720
95
721
90
722
88
723
91
724
94
725
95
726
97
727
100
728
102
729
98
730
92
731
101
732
95
733
96
734
102
735
94
736
93
737
93
738
96
739
100
740
92
741
103
742
107
743
100
744
101
745
95
746
95
747
98
748
97
749
101
750
97
751
97
752
105
753
98
754
97
755
98
756
103
757
101
758
96
759
102
760
106
761
102
762
99
763
98
764
102
765
95
766
102
767
105
768
114
769
107
770
102
771
106
772
103
773
103
774
99
775
103
776
101
777
104
778
109
779
107
780
104
781
103
782
99
783
108
784
98
785
99
786
107
787
99
788
100
789
108
790
104
791
102
792
104
793
103
794
109
795
107
796
101
797
99
798
110
799
101
800
99
801
104
802
115
803
100
804
113
805
110
806
110
807
110
808
107
809
105
810
106
811
104
812
110
813
105
814
104
815
107
816
108
817
125
818
113
819
115
820
120
821
102
822
110
823
118
824
115
825
109
826
112
827
104
828
105
829
108
830
106
831
109
832
121
833
108
834
105
835
110
836
113
837
113
838
112
839
115
840
106
841
112
842
111
843
113
844
115
845
112
846
113
847
121
848
116
849
120
850
109
851
105
852
107
853
119
854
114
855
111
856
117
857
112
858
116
859
112
860
113
861
117
862
110
863
113
864
112
865
119
866
117
867
123
868
115
869
117
870
112
871
114
872
124
873
111
874
123
875
112
876
116
877
123
878
114
879
117
880
115
881
114
882
112
883
118
884
111
885
137
886
118
887
117
888
116
889
124
890
116
891
113
892
123
893
114
894
115
895
116
896
121
897
131
898
119
899
119
900
116
901
112
902
124
903
112
904
131
905
129
906
133
907
121
908
122
909
120
910
123
911
117
912
129
913
116
914
122
915
128
916
141
917
122
918
121
919
135
920
140
921
126
922
118
923
118
924
132
925
125
926
126
927
126
928
129
929
119
930
126
931
139
932
124
933
123
934
134
935
124
936
126
937
133
938
117
939
129
940
131
941
132
942
130
943
125
944
127
945
127
946
133
947
122
948
133
949
122
950
124
951
139
952
132
953
134
954
128
955
129
956
126
957
132
958
129
959
131
960
120
961
126
962
126
963
137
964
123
965
129
966
137
967
123
968
129
969
129
970
128
971
126
972
130
973
131
974
137
975
129
976
132
977
128
978
130
979
135
980
126
981
131
982
132
983
133
984
130
985
132
986
137
987
154
988
134
989
146
990
143
991
146
992
134
993
129
994
132
995
135
996
141
997
146
998
131
999
136
