1
0
2
1
3
1
4
3
5
6
6
9
7
14
8
18
9
21
10
24
11
30
12
33
13
45
14
45
15
59
16
62
17
77
18
78
19
96
20
98
21
114
22
115
23
125
24
148
25
160
26
183
27
204
28
231
29
256
30
282
31
299
32
330
33
343
34
371
35
378
36
382
37
394
38
428
39
455
40
491
41
501
42
514
43
525
44
567
45
582
46
584
47
592
48
598
49
603
50
607
51
623
52
665
53
672
54
707
55
746
56
774
57
800
58
829
59
859
60
878
61
901
62
911
63
931
64
988
65
989
66
1022
67
1023
68
1054
69
1083
70
1137
71
1161
72
1207
73
1217
74
1260
75
1305
76
1344
77
1395
78
1461
79
1516
80
1575
81
1651
82
1728
83
1771
84
1854
85
1900
86
1925
87
1970
88
1976
89
2051
90
2062
91
2091
92
2108
93
2137
94
2194
95
2200
96
2231
97
2243
98
2251
99
2331
100
2378
101
2466
102
2481
103
2495
104
2595
105
2670
106
2744
107
2793
108
2835
109
2892
110
2911
111
2925
112
2972
113
2977
114
3057
115
3105
116
3183
117
3297
118
3299
119
3386
120
3486
121
3509
122
3518
123
3639
124
3696
125
3783
126
3791
127
3895
128
3997
129
4022
130
4093
131
4133
132
4261
133
4354
134
4407
135
4533
136
4592
137
4606
138
4667
139
4783
140
4870
141
4947
142
5078
143
5085
144
5176
145
5253
146
5323
147
5367
148
5445
149
5518
150
5520
151
5575
152
5676
153
5692
154
5746
155
5768
156
5891
157
5954
158
6099
159
6184
160
6272
161
6346
162
6485
163
6572
164
6607
165
6645
166
6731
167
6840
168
6890
169
7049
170
7120
171
7279
172
7369
173
7425
174
7593
175
7626
176
7789
177
7868
178
7946
179
8032
180
8203
181
8284
182
8441
183
8555
184
8655
185
8696
186
8831
187
8886
188
9013
189
9131
190
9299
191
9340
192
9358
193
9496
194
9648
195
9702
196
9880
197
9935
198
10117
199
10157
200
10205
201
10271
202
10297
203
10457
204
10601
205
10623
206
10817
207
10949
208
11063
209
11142
210
11169
211
11278
212
11466
213
11669
214
11706
215
11796
216
11835
217
12024
218
12190
219
12374
220
12480
221
12626
222
12633
223
12762
224
12833
225
13018
226
13217
227
13274
228
13299
229
13484
230
13581
231
13654
232
13692
233
13822
234
13856
235
14057
236
14220
237
14238
238
14347
239
14404
240
14524
241
14666
242
14855
243
14946
244
15080
245
15310
246
15519
247
15702
248
15905
249
16053
250
16191
251
16262
252
16323
253
16480
254
16712
255
16862
256
16963
257
17164
258
17387
259
17518
260
17663
261
17735
262
17970
263
18161
264
18394
265
18400
266
18548
267
18685
268
18716
269
18728
270
18946
271
19115
272
19299
273
19452
274
19457
275
19516
276
19650
277
19891
278
20158
279
20241
280
20358
281
20496
282
20684
283
20886
284
20933
285
21077
286
21159
287
21326
288
21412
289
21460
290
21501
291
21772
292
21897
293
21905
294
22103
295
22199
296
22210
297
22275
298
22550
299
22601
300
22684
301
22900
302
23138
303
23425
304
23508
305
23756
306
23808
307
24060
308
24271
309
24310
310
24359
311
24397
312
24613
313
24866
314
25135
315
25399
316
25503
317
25557
318
25677
319
25900
320
25997
321
26162
322
26356
323
26621
324
26800
325
26882
326
26938
327
27147
328
27298
329
27318
330
27581
331
27837
332
28100
333
28281
334
28527
335
28549
336
28672
337
28981
338
29288
339
29299
340
29308
341
29321
342
29385
343
29625
344
29921
345
29926
346
30094
347
30167
348
30234
349
30566
350
30879
351
31048
352
31211
353
31373
354
31480
355
31503
356
31768
357
31927
358
32180
359
32265
360
32456
361
32625
362
32633
363
32750
364
32773
365
33047
366
33187
367
33340
368
33588
369
33700
370
33877
371
34135
372
34267
373
34525
374
34662
375
34742
376
35008
377
35355
378
35497
379
35832
380
36157
381
36261
382
36403
383
36520
384
36817
385
37089
386
37235
387
37430
388
37501
389
37545
390
37843
391
38135
392
38372
393
38682
394
38714
395
38986
396
39187
397
39382
398
39436
399
39516
400
39860
401
40117
402
40475
403
40558
404
40672
405
40773
406
40927
407
41331
408
41394
409
41734
410
42097
411
42504
412
42542
413
42644
414
42770
415
43141
416
43539
417
43843
418
44000
419
44058
420
44418
421
44491
422
44866
423
45042
424
45448
425
45859
426
45910
427
46109
428
46296
429
46408
430
46704
431
46826
432
47219
433
47452
434
47660
435
47750
436
48107
437
48512
438
48601
439
49027
440
49342
441
49365
442
49787
443
50153
444
50286
445
50404
446
50713
447
50830
448
50830
449
50875
450
51047
451
51434
452
51555
453
51678
454
51809
455
51910
456
52019
457
52202
458
52530
459
52858
460
53175
461
53350
462
53360
463
53627
464
54076
465
54312
466
54671
467
55028
468
55217
469
55678
470
56023
471
56095
472
56113
473
56438
474
56901
475
57071
476
57533
477
57852
478
58154
479
58620
480
58988
481
59004
482
59405
483
59427
484
59578
485
59635
486
59766
487
60033
488
60287
489
60287
490
60425
491
60538
492
60726
493
60874
494
61285
495
61462
496
61882
497
62177
498
62247
499
62377
500
62667
501
63111
502
63312
503
63630
504
63905
505
64097
506
64602
507
64860
508
64898
509
65222
510
65473
511
65918
512
66267
513
66431
514
66909
515
66914
516
67137
517
67240
518
67541
519
67543
520
67650
521
68111
522
68235
523
68546
524
68644
525
68676
526
69186
527
69202
528
69558
529
69616
530
69771
531
69908
532
70433
533
70820
534
71301
535
71583
536
71648
537
72131
538
72176
539
72291
540
72566
541
72888
542
72922
543
73041
544
73551
545
74089
546
74212
547
74421
548
74523
549
74968
550
75180
551
75390
552
75770
553
76131
554
76680
555
77168
556
77565
557
78094
558
78602
559
78813
560
78846
561
78964
562
79329
563
79355
564
79879
565
80173
566
80516
567
80542
568
80777
569
81174
570
81325
571
81870
572
82040
573
82227
574
82327
575
82461
576
82645
577
82869
578
83233
579
83518
580
83641
581
83659
582
84184
583
84709
584
85105
585
85625
586
86071
587
86296
588
86794
589
87190
590
87648
591
88194
592
88713
593
88960
594
89536
595
90010
596
90590
597
90923
598
91433
599
91670
600
91832
601
91903
602
92121
603
92457
604
92720
605
93034
606
93525
607
93985
608
94555
609
94814
610
94984
611
95075
612
95350
613
95458
614
95483
615
95575
616
95616
617
96119
618
96443
619
97017
620
97314
621
97513
622
98033
623
98260
624
98725
625
99228
626
99337
627
99796
628
100033
629
100053
630
100146
631
100564
632
100668
633
100986
634
101146
635
101536
636
101572
637
101613
638
101861
639
101864
640
102185
641
102628
642
102732
643
103368
644
103927
645
104065
646
104157
647
104765
648
104784
649
105229
650
105790
651
106122
652
106133
653
106595
654
107189
655
107695
656
108027
657
108084
658
108420
659
109029
660
109111
661
109555
662
109939
663
110133
664
110272
665
110833
666
111446
667
111624
668
112237
669
112446
670
112629
671
112906
672
112908
673
113190
674
113463
675
114058
676
114488
677
114856
678
115418
679
115867
680
116032
681
116511
682
116648
683
116829
684
117104
685
117173
686
117205
687
117851
688
117979
689
118366
690
118956
691
119170
692
119349
693
119653
694
120075
695
120383
696
120590
697
120946
698
121449
699
121603
700
122190
701
122886
702
123335
703
123930
704
124218
705
124257
706
124773
707
124818
708
125250
709
125640
710
126163
711
126774
712
126964
713
127632
714
127724
715
128211
716
128234
717
128362
718
128808
719
128972
720
129511
721
129849
722
130226
723
130235
724
130916
725
131023
726
131351
727
131523
728
132010
729
132151
730
132469
731
132836
732
132970
733
133037
734
133305
735
133754
736
133869
737
133941
738
134444
739
135006
740
135496
741
135798
742
136269
743
136963
744
137224
745
137786
746
138241
747
138527
748
139234
749
139417
750
139878
751
140408
752
140960
753
141083
754
141623
755
142125
756
142357
757
142497
758
143189
759
143936
760
144216
761
144482
762
144852
763
145271
764
145604
765
146265
766
146398
767
146853
768
147597
769
148253
770
148534
771
149020
772
149233
773
149241
774
149667
775
150156
776
150751
777
150891
778
150914
779
151479
780
151800
781
152310
782
152627
783
152751
784
153385
785
153494
786
154149
787
154240
788
154495
789
155082
790
155166
791
155727
792
155805
793
156284
794
156498
795
156921
796
157290
797
157633
798
157760
799
160841
800
160917
801
161495
802
161904
803
162440
804
162526
805
162867
806
163302
807
164005
808
164192
809
164648
810
164684
811
165150
812
165507
813
166223
814
166305
815
166858
816
166944
817
167363
818
167908
819
168157
820
168566
821
168608
822
168614
823
169297
824
169792
825
170061
826
170258
827
170483
828
170619
829
171209
830
171877
831
172089
832
172462
833
172729
834
173516
835
173968
836
174603
837
175026
838
175380
839
175389
840
175481
841
175883
842
176375
843
176828
844
177112
845
177706
846
177911
847
178290
848
178479
849
179269
850
179922
851
180548
852
181383
853
182042
854
182507
855
183002
856
183105
857
183801
858
184554
859
184800
860
185249
861
185832
862
186291
863
187150
864
187170
865
187594
866
188062
867
188742
868
188753
869
189616
870
190306
871
190409
872
190812
873
191162
874
191736
875
192458
876
192564
877
193372
878
193617
879
193910
880
194659
881
194712
882
194800
883
195527
884
196277
885
196853
886
197226
887
198080
888
198512
889
198776
890
198998
891
199028
892
199919
893
200633
894
200658
895
200678
896
200943
897
201446
898
202171
899
202445
900
202942
901
203476
902
203850
903
203899
904
203933
905
204034
906
204838
907
204973
908
204996
909
205143
910
205599
911
206397
912
206597
913
207127
914
207760
915
207829
916
208081
917
208212
918
208250
919
208941
920
209345
921
209613
922
210333
923
210737
924
210840
925
211589
926
212020
927
212389
928
212755
929
213021
930
213684
931
214594
932
215446
933
215587
934
215622
935
216497
936
216731
937
217590
938
217681
939
217944
940
218022
941
218562
942
218707
943
218992
944
219182
945
219990
946
220337
947
220780
948
221720
949
222102
950
222318
951
222730
952
223385
953
223413
954
224265
955
225019
956
225823
957
226152
958
226347
959
226578
960
227185
961
228077
962
228286
963
228804
964
228887
965
229131
966
229606
967
229923
968
230078
969
230613
970
231192
971
231419
972
231581
973
232318
974
232835
975
233181
976
233774
977
234671
978
235487
979
236073
980
236381
981
236452
982
236511
983
236527
984
236630
985
237557
986
238357
987
239281
988
239579
989
239603
990
239784
991
240720
992
241666
993
242064
994
242561
995
242601
996
243240
997
244211
998
244569
999
245373
