1
0
2
1
3
2
4
3
5
5
6
6
7
8
8
9
9
11
10
12
11
13
12
16
13
17
14
18
15
19
16
22
17
25
18
28
19
31
20
35
21
36
22
38
23
41
24
42
25
43
26
46
27
49
28
52
29
53
30
54
31
57
32
61
33
64
34
65
35
66
36
67
37
68
38
69
39
70
40
71
41
72
42
75
43
80
44
86
45
87
46
90
47
94
48
98
49
101
50
102
51
103
52
104
53
105
54
106
55
107
56
108
57
111
58
114
59
115
60
119
61
120
62
121
63
125
64
126
65
127
66
132
67
135
68
140
69
141
70
142
71
145
72
146
73
147
74
150
75
151
76
152
77
153
78
156
79
157
80
158
81
159
82
160
83
161
84
162
85
163
86
166
87
169
88
170
89
173
90
174
91
175
92
181
93
182
94
183
95
184
96
187
97
193
98
197
99
198
100
199
101
200
102
201
103
202
104
203
105
207
106
208
107
213
108
214
109
215
110
221
111
224
112
225
113
226
114
227
115
230
116
233
117
235
118
240
119
243
120
244
121
245
122
246
123
247
124
254
125
255
126
256
127
263
128
264
129
265
130
266
131
267
132
271
133
274
134
277
135
278
136
281
137
282
138
285
139
286
140
287
141
288
142
291
143
292
144
295
145
296
146
298
147
299
148
300
149
304
150
309
151
310
152
311
153
312
154
320
155
321
156
322
157
323
158
327
159
330
160
337
161
338
162
341
163
342
164
345
165
346
166
347
167
355
168
359
169
360
170
362
171
363
172
366
173
369
174
370
175
371
176
374
177
375
178
376
179
377
180
380
181
381
182
382
183
383
184
384
185
385
186
386
187
390
188
391
189
392
190
393
191
394
192
395
193
396
194
397
195
398
196
403
197
407
198
410
199
411
200
412
201
419
202
420
203
425
204
426
205
427
206
428
207
429
208
430
209
431
210
432
211
433
212
436
213
441
214
442
215
443
216
444
217
448
218
449
219
450
220
451
221
455
222
458
223
459
224
460
225
461
226
465
227
466
228
467
229
470
230
471
231
472
232
473
233
477
234
478
235
481
236
482
237
483
238
484
239
487
240
491
241
494
242
495
243
496
244
499
245
500
246
505
247
508
248
509
249
510
250
511
251
512
252
513
253
516
254
519
255
520
256
524
257
527
258
528
259
529
260
530
261
534
262
535
263
538
264
539
265
540
266
543
267
549
268
550
269
551
270
552
271
560
272
561
273
562
274
563
275
564
276
567
277
568
278
573
279
574
280
575
281
576
282
580
283
581
284
583
285
584
286
587
287
592
288
595
289
600
290
608
291
609
292
616
293
617
294
618
295
619
296
620
297
621
298
625
299
628
300
634
301
635
302
636
303
639
304
642
305
646
306
649
307
652
308
659
309
662
310
667
311
668
312
671
313
672
314
673
315
677
316
680
317
681
318
684
319
687
320
688
321
691
322
692
323
695
324
698
325
701
326
705
327
706
328
709
329
712
330
716
331
719
332
721
333
722
334
723
335
727
336
728
337
729
338
730
339
731
340
732
341
733
342
734
343
738
344
739
345
742
346
747
347
748
348
751
349
752
350
753
351
756
352
757
353
758
354
759
355
760
356
765
357
766
358
767
359
771
360
774
361
775
362
776
363
779
364
783
365
791
366
792
367
795
368
796
369
799
370
802
371
803
372
806
373
807
374
808
375
809
376
813
377
814
378
817
379
819
380
820
381
824
382
827
383
830
384
833
385
834
386
837
387
841
388
842
389
843
390
844
391
845
392
849
393
852
394
853
395
854
396
855
397
858
398
859
399
860
400
861
401
864
402
867
403
868
404
869
405
870
406
875
407
878
408
879
409
880
410
883
411
888
412
891
413
892
414
893
415
896
416
897
417
898
418
899
419
902
420
905
421
908
422
909
423
910
424
911
425
912
426
915
427
918
428
921
429
924
430
925
431
926
432
930
433
933
434
936
435
941
436
942
437
943
438
946
439
947
440
948
441
949
442
952
443
953
444
954
445
955
446
958
447
963
448
966
449
967
450
968
451
971
452
974
453
975
454
978
455
979
456
982
457
986
458
989
459
992
460
993
461
996
462
997
463
998
464
1001
465
1007
466
1011
467
1014
468
1017
469
1018
470
1019
471
1020
472
1024
473
1025
474
1032
475
1033
476
1034
477
1035
478
1038
479
1039
480
1040
481
1041
482
1044
483
1045
484
1048
485
1056
486
1057
487
1058
488
1059
489
1060
490
1063
491
1067
492
1068
493
1072
494
1080
495
1084
496
1090
497
1097
498
1100
499
1103
500
1104
501
1105
502
1106
503
1110
504
1111
505
1114
506
1117
507
1120
508
1121
509
1122
510
1123
511
1126
512
1129
513
1132
514
1135
515
1136
516
1140
517
1141
518
1146
519
1147
520
1148
521
1153
522
1154
523
1155
524
1158
525
1159
526
1160
527
1161
528
1164
529
1165
530
1166
531
1169
532
1170
533
1171
534
1172
535
1176
536
1180
537
1181
538
1182
539
1185
540
1186
541
1187
542
1188
543
1189
544
1190
545
1191
546
1195
547
1196
548
1200
549
1201
550
1202
551
1203
552
1204
553
1207
554
1210
555
1211
556
1212
557
1213
558
1216
559
1219
560
1220
561
1223
562
1227
563
1231
564
1232
565
1233
566
1234
567
1237
568
1238
569
1241
570
1245
571
1248
572
1251
573
1252
574
1253
575
1254
576
1258
577
1263
578
1264
579
1265
580
1266
581
1269
582
1277
583
1280
584
1281
585
1282
586
1285
587
1286
588
1287
589
1290
590
1291
591
1293
592
1294
593
1295
594
1299
595
1300
596
1301
597
1303
598
1304
599
1307
600
1308
601
1309
602
1313
603
1314
604
1315
605
1316
606
1320
607
1321
608
1322
609
1327
610
1330
611
1331
612
1335
613
1336
614
1337
615
1338
616
1340
617
1341
618
1342
619
1343
620
1346
621
1349
622
1352
623
1356
624
1357
625
1358
626
1359
627
1363
628
1364
629
1369
630
1372
631
1375
632
1378
633
1379
634
1380
635
1381
636
1387
637
1391
638
1392
639
1395
640
1399
641
1402
642
1403
643
1404
644
1405
645
1406
646
1407
647
1410
648
1411
649
1415
650
1416
651
1424
652
1427
653
1428
654
1431
655
1434
656
1437
657
1438
658
1439
659
1442
660
1445
661
1446
662
1450
663
1455
664
1456
665
1457
666
1458
667
1459
668
1460
669
1461
670
1468
671
1471
672
1472
673
1475
674
1478
675
1481
676
1483
677
1484
678
1485
679
1486
680
1487
681
1488
682
1492
683
1497
684
1504
685
1506
686
1509
687
1510
688
1512
689
1513
690
1514
691
1517
692
1518
693
1525
694
1528
695
1529
696
1530
697
1534
698
1537
699
1538
700
1539
701
1540
702
1543
703
1544
704
1545
705
1548
706
1553
707
1554
708
1555
709
1556
710
1557
711
1558
712
1562
713
1563
714
1567
715
1568
716
1569
717
1570
718
1577
719
1584
720
1585
721
1588
722
1595
723
1596
724
1599
725
1600
726
1601
727
1604
728
1607
729
1611
730
1612
731
1613
732
1614
733
1618
734
1619
735
1620
736
1623
737
1624
738
1629
739
1632
740
1635
741
1636
742
1637
743
1643
744
1644
745
1648
746
1649
747
1650
748
1651
749
1652
750
1653
751
1658
752
1662
753
1663
754
1664
755
1669
756
1670
757
1677
758
1678
759
1679
760
1680
761
1682
762
1683
763
1685
764
1686
765
1688
766
1689
767
1690
768
1691
769
1694
770
1695
771
1696
772
1697
773
1698
774
1699
775
1700
776
1701
777
1705
778
1706
779
1708
780
1712
781
1713
782
1716
783
1717
784
1718
785
1719
786
1720
787
1723
788
1726
789
1729
790
1730
791
1731
792
1732
793
1733
794
1736
795
1739
796
1740
797
1743
798
1746
799
1749
800
1750
801
1751
802
1755
803
1756
804
2238
805
2240
806
2242
807
2244
808
2246
809
2248
810
2251
811
2252
812
2254
813
2256
814
2260
815
2262
816
2264
817
2269
818
2271
819
2273
820
2276
821
2281
822
2290
823
2295
824
2296
825
2298
826
2300
827
2306
828
2307
829
2309
830
2311
831
2317
832
2319
833
2321
834
2323
835
2325
836
2327
837
2328
838
2335
839
2337
840
2338
841
2340
842
2342
843
2344
844
2346
845
2348
846
2354
847
2357
848
2359
849
2361
850
2362
851
2365
852
2367
853
2372
854
2378
855
2379
856
2385
857
2387
858
2395
859
2402
860
2403
861
2405
862
2406
863
2408
864
2411
865
2418
866
2419
867
2421
868
2426
869
2429
870
2431
871
2436
872
2437
873
2438
874
2439
875
2443
876
2445
877
2450
878
2454
879
2460
880
2462
881
2471
882
2476
883
2478
884
2482
885
2485
886
2487
887
2492
888
2494
889
2496
890
2498
891
2504
892
2505
893
2507
894
2508
895
2512
896
2518
897
2519
898
2521
899
2523
900
2525
901
2527
902
2528
903
2530
904
2536
905
2537
906
2540
907
2542
908
2544
909
2547
910
2549
911
2556
912
2557
913
2562
914
2564
915
2565
916
2567
917
2570
918
2572
919
2573
920
2575
921
2582
922
2584
923
2586
924
2589
925
2591
926
2593
927
2595
928
2598
929
2599
930
2600
931
2607
932
2609
933
2614
934
2615
935
2617
936
2619
937
2621
938
2622
939
2624
940
2626
941
2627
942
2628
943
2632
944
2635
945
2637
946
2639
947
2640
948
2644
949
2650
950
2652
951
2654
952
2656
953
2659
954
2660
955
2661
956
2662
957
2664
958
2665
959
2670
960
2674
961
2680
962
2682
963
2684
964
2689
965
2691
966
2693
967
2695
968
2698
969
2704
970
2706
971
2708
972
2710
973
2712
974
2714
975
2716
976
2722
977
2729
978
2731
979
2735
980
2737
981
2738
982
2739
983
2745
984
2747
985
2752
986
2754
987
2758
988
2759
989
2762
990
2766
991
2767
992
2768
993
2769
994
2775
995
2779
996
2781
997
2783
998
2791
999
2793
