1
1
2
1
3
1
4
1
5
1
6
1
7
1
8
1
9
2
10
1
11
1
12
1
13
2
14
2
15
3
16
2
17
3
18
3
19
3
20
2
21
2
22
2
23
2
24
2
25
3
26
3
27
3
28
3
29
2
30
3
31
4
32
3
33
3
34
4
35
4
36
4
37
5
38
4
39
5
40
5
41
12
42
11
43
13
44
13
45
14
46
14
47
15
48
16
49
16
50
16
51
17
52
17
53
18
54
19
55
20
56
20
57
21
58
22
59
22
60
23
61
23
62
25
63
25
64
26
65
27
66
27
67
28
68
29
69
29
70
30
71
31
72
33
73
34
74
34
75
35
76
36
77
47
78
37
79
38
80
39
81
56
82
42
83
43
84
44
85
44
86
52
87
46
88
48
89
55
90
56
91
56
92
57
93
59
94
59
95
60
96
61
97
62
98
63
99
65
100
66
101
71
102
65
103
68
104
70
105
70
106
73
107
74
108
92
109
76
110
77
111
79
112
79
113
81
114
82
115
84
116
84
117
85
118
88
119
89
120
94
121
97
122
99
123
101
124
98
125
107
126
95
127
95
128
97
129
105
130
105
131
107
132
108
133
110
134
112
135
114
136
114
137
116
138
117
139
123
140
121
141
123
142
125
143
126
144
128
145
130
146
131
147
137
148
135
149
136
150
138
151
140
152
171
153
142
154
162
155
146
156
165
157
158
158
154
159
184
160
160
161
158
162
162
163
197
164
164
165
164
166
182
167
174
168
176
169
172
170
170
171
177
172
178
173
177
174
180
175
180
176
182
177
185
178
190
179
194
180
192
181
191
182
193
183
221
184
199
185
200
186
202
187
203
188
205
189
206
190
212
191
210
192
211
193
214
194
217
195
218
196
221
197
223
198
238
199
239
200
236
201
233
202
235
203
239
204
242
205
269
206
251
207
272
208
252
209
260
210
253
211
261
212
260
213
262
214
267
215
274
216
271
217
271
218
275
219
274
220
287
221
281
222
285
223
287
224
287
225
288
226
291
227
294
228
296
229
299
230
302
231
303
232
306
233
317
234
312
235
315
236
317
237
322
238
328
239
325
240
327
241
329
242
332
243
335
244
358
245
335
246
338
247
436
248
344
249
351
250
421
251
358
252
354
253
377
254
397
255
586
256
589
257
529
258
400
259
374
260
387
261
379
262
382
263
386
264
388
265
391
266
395
267
397
268
399
269
412
270
405
271
409
272
413
273
425
274
423
275
420
276
425
277
435
278
430
279
432
280
436
281
513
282
482
283
502
284
448
285
458
286
461
287
460
288
462
289
465
290
476
291
474
292
479
293
478
294
481
295
487
296
488
297
491
298
493
299
501
300
501
301
505
302
511
303
510
304
514
305
517
306
536
307
536
308
527
309
531
310
543
311
538
312
541
313
547
314
556
315
551
316
568
317
567
318
561
319
571
320
569
321
585
322
581
323
605
324
700
325
689
326
591
327
594
328
594
329
598
330
602
331
605
332
609
333
613
334
616
335
619
336
640
337
659
338
630
339
639
340
638
341
642
342
650
343
650
344
653
345
657
346
661
347
672
348
679
349
680
350
672
351
678
352
696
353
700
354
688
355
692
356
696
357
700
358
758
359
707
360
712
361
716
362
722
363
723
364
736
365
732
366
736
367
743
368
744
369
755
370
752
371
756
372
771
373
767
374
768
375
780
376
777
377
785
378
795
379
790
380
793
381
801
382
801
383
806
384
810
385
814
386
823
387
829
388
827
389
836
390
840
391
840
392
844
393
851
394
861
395
858
396
862
397
866
398
874
399
874
400
895
401
889
402
896
403
892
404
896
405
908
406
910
407
911
408
914
409
919
410
928
411
935
412
933
413
937
414
949
415
946
416
951
417
956
418
981
419
964
420
969
421
974
422
983
423
983
424
987
425
996
426
998
427
1002
428
1006
429
1015
430
1015
431
1034
432
1025
433
1037
434
1034
435
1039
436
1047
437
1049
438
1054
439
1059
440
1064
441
1079
442
1073
443
1082
444
1082
445
1087
446
1111
447
1099
448
1103
449
1108
450
1112
451
1118
452
1124
453
1131
454
1132
455
1147
456
1146
457
1148
458
1152
459
1167
460
1176
461
1189
462
1175
463
1194
464
1199
465
1194
466
1207
467
1202
468
1207
469
1215
470
1221
471
1240
472
1239
473
1229
474
1257
475
1239
476
1245
477
1265
478
1256
479
1260
480
1270
481
1271
482
1269
483
1287
484
1297
485
1302
486
1307
487
1298
488
1303
489
1313
490
1314
491
1325
492
1343
493
1330
494
1339
495
1341
496
1347
497
1355
498
1357
499
1364
500
1401
501
1383
502
1392
503
1389
504
1401
505
1409
506
1411
507
1436
508
1420
509
1441
510
1448
511
1676
512
1929
513
1451
514
1456
515
1471
516
1506
517
1490
518
1477
519
1500
520
1488
521
1494
522
1532
523
1506
524
1523
525
1519
526
1522
527
1537
528
1535
529
1547
530
1575
531
1568
532
1564
533
1563
534
1583
535
1575
536
1597
537
1613
538
1603
539
1593
540
1599
541
1809
542
1662
543
1831
544
1743
545
1755
546
1636
547
1671
548
1675
549
1692
550
1724
551
1687
552
1676
553
1686
554
1834
555
1694
556
1708
557
1915
558
1716
559
1749
560
1736
561
1756
562
1738
563
1760
564
1756
565
1751
566
1767
567
1765
568
1776
569
1778
570
1807
571
1788
572
1805
573
1810
574
1832
575
1813
576
1844
577
1828
578
1855
579
1838
580
1850
581
1857
582
1868
583
1872
584
1906
585
1881
586
1889
587
1891
588
1925
589
1905
590
1922
591
1914
592
1927
593
1928
594
1950
595
1942
596
1949
597
1964
598
1970
599
1974
600
1983
601
2010
602
1989
603
2005
604
2001
605
2013
606
2020
607
2051
608
2033
609
2034
610
2050
611
2055
612
2062
613
2061
614
2088
615
2118
616
2088
617
2098
618
2095
619
2122
620
2107
621
2121
622
2132
623
2128
624
2141
625
2142
626
2171
627
2163
628
2164
629
2201
630
2189
631
2201
632
2202
633
2478
634
2225
635
2228
636
2225
637
2248
638
2256
639
2260
640
2252
641
2264
642
2273
643
2276
644
2295
645
2297
646
2289
647
2303
648
2302
649
2315
650
2328
651
2325
652
2341
653
2357
654
2348
655
2357
656
2359
657
2381
658
2392
659
2381
660
2407
661
2413
662
2420
663
2416
664
2970
665
2561
666
2489
667
2480
668
2449
669
2459
670
2812
671
2601
672
2557
673
2498
674
2500
675
2505
676
2592
677
2559
678
2526
679
2584
680
2560
681
2553
682
2564
683
2577
684
2619
685
2612
686
2597
687
2615
688
2598
689
2639
690
2627
691
2964
692
2637
693
2661
694
2699
695
2665
696
2673
697
2704
698
2682
699
2690
700
2775
701
2759
702
2719
703
2726
704
2730
705
2739
706
2754
707
2742
708
2797
709
2774
710
2798
711
2781
712
2801
713
2800
714
2800
715
2804
716
2820
717
2843
718
2841
719
2877
720
2857
721
2857
722
2906
723
2881
724
2876
725
2888
726
2903
727
2916
728
2909
729
2920
730
2933
731
2937
732
2952
733
2952
734
2971
735
2970
736
2981
737
3020
738
2990
739
3004
740
3015
741
3027
742
3032
743
3028
744
3063
745
3054
746
3068
747
3082
748
3087
749
3126
750
3098
751
3100
752
3154
753
3121
754
3137
755
3129
756
3152
757
3154
758
3172
759
3165
760
3178
761
3184
762
3235
763
3249
764
3216
765
3216
766
3230
767
3280
768
3250
769
3246
770
3273
771
3281
772
3277
773
3352
774
3307
775
3302
776
3314
777
3320
778
3321
779
3335
780
3401
781
3364
782
3367
783
3403
784
3393
785
3386
786
3395
787
3402
788
3406
789
3415
790
3448
791
3454
792
3461
793
3497
794
3473
795
3472
796
3484
797
3504
798
3558
799
3509
800
3523
801
3548
802
3540
803
3547
804
3577
805
3572
806
3588
807
3610
808
3586
809
3613
810
3610
811
3624
812
3633
813
3625
814
3632
815
3643
816
3654
817
3657
818
3671
819
3677
820
3698
821
3709
822
3723
823
3737
824
3739
825
3756
826
3761
827
3750
828
3762
829
3781
830
3881
831
3854
832
3798
833
3818
834
3833
835
3836
836
3867
837
3855
838
3850
839
3863
840
3883
841
3953
842
4521
843
3981
844
3918
845
4109
846
4272
847
3971
848
3963
849
4118
850
3962
851
3973
852
3986
853
3987
854
4012
855
4031
856
4026
857
4026
858
4084
859
4404
860
4115
861
4151
862
4129
863
4166
864
4119
865
4191
866
4130
867
4157
868
5699
869
4158
870
4176
871
4184
872
4196
873
4217
874
4200
875
4209
876
4225
877
4227
878
4247
879
4372
880
4322
881
4301
882
4266
883
4277
884
4285
885
4306
886
4362
887
4319
888
4338
889
4379
890
4356
891
4346
892
4362
893
4407
894
4375
895
4393
896
4408
897
4426
898
4418
899
4427
900
4451
901
4444
902
4485
903
4485
904
4491
905
4497
906
4537
907
4529
908
4520
909
4523
910
4557
911
4566
912
4849
913
4579
914
4614
915
4639
916
4613
917
4636
918
4613
919
4631
920
4637
921
4669
922
4654
923
4671
924
4711
925
4734
926
4701
927
4712
928
4718
929
4762
930
4772
931
4779
932
4789
933
4768
934
4813
935
4814
936
4884
937
4851
938
4845
939
4853
940
4895
941
4945
942
4860
943
4869
944
4882
945
4913
946
4935
947
4952
948
4939
949
4963
950
4968
951
4981
952
4967
953
5014
954
5002
955
4993
956
5027
957
5039
958
5040
959
5036
960
5051
961
5059
962
5066
963
5090
964
5098
965
5224
966
5600
967
5356
968
5160
969
5364
970
5327
971
5189
972
5242
973
5191
974
5192
975
5223
976
5235
977
5225
978
5267
979
5423
980
5299
981
5295
982
5280
983
5305
984
5323
985
5327
986
5379
987
6056
988
5864
989
5699
990
5394
991
5390
992
5474
993
5412
994
5483
995
5446
996
5427
997
5439
998
5454
999
5531
