1
0
2
1
3
3
4
6
5
10
6
15
7
21
8
28
9
36
10
45
11
55
12
66
13
78
14
91
15
105
16
120
17
136
18
153
19
171
20
19
21
20
22
21
23
22
24
23
25
24
26
25
27
26
28
27
29
28
30
29
31
30
32
31
33
32
34
33
35
34
36
35
37
36
38
37
39
38
40
39
41
40
42
41
43
42
44
43
45
44
46
45
47
46
48
47
49
48
50
49
51
50
52
51
53
52
54
53
55
54
56
55
57
56
58
57
59
58
60
59
61
60
62
1891
63
1953
64
2016
65
2080
66
2145
67
2211
68
2278
69
2346
70
2415
71
2485
72
2556
73
2628
74
2701
75
2775
76
2850
77
2926
78
3003
79
3081
80
3160
81
3240
82
3321
83
3403
84
3486
85
3570
86
3655
87
3741
88
3828
89
3916
90
4005
91
4095
92
4186
93
4278
94
4371
95
4465
96
4560
97
4656
98
4753
99
4851
100
4950
101
5050
102
5151
103
5253
104
5356
105
5460
106
5565
107
5671
108
5778
109
5886
110
5995
111
6105
112
6216
113
6328
114
6441
115
6555
116
6670
117
6786
118
6903
119
7021
120
7140
121
7260
122
7381
123
7503
124
7626
125
7750
126
7875
127
8001
128
8128
129
8256
130
8385
131
8515
132
8646
133
8778
134
8911
135
9045
136
9180
137
9316
138
9453
139
9591
140
9730
141
9870
142
10011
143
10153
144
10296
145
10440
146
10585
147
10731
148
10878
149
11026
150
11175
151
11325
152
11476
153
11628
154
11781
155
11935
156
12090
157
12246
158
12403
159
12561
160
12720
161
12880
162
13041
163
13203
164
13366
165
13530
166
13530
167
13695
168
13861
169
14028
170
14196
171
14365
172
14535
173
14706
174
14878
175
15051
176
15225
177
15400
178
15576
179
15753
180
15931
181
16110
182
16290
183
16471
184
16653
185
16836
186
17020
187
17205
188
17391
189
17578
190
17766
191
17955
192
18145
193
18336
194
18528
195
18721
196
18915
197
19110
198
19306
199
19503
200
19701
201
19900
202
20100
203
20301
204
20503
205
20706
206
20910
207
21115
208
21321
209
21528
210
21736
211
21945
212
22155
213
22366
214
22578
215
22791
216
23005
217
23220
218
23436
219
23653
220
23871
221
24090
222
24310
223
24531
224
24753
225
24976
226
25200
227
25425
228
25651
229
25878
230
26106
231
26335
232
26565
233
26796
234
27028
235
27261
236
27495
237
27730
238
27966
239
28203
240
28441
241
28680
242
28920
243
29161
244
29403
245
29646
246
29890
247
30135
248
30381
249
30628
250
30876
251
31125
252
31375
253
31626
254
31878
255
32131
256
32385
257
32640
258
32896
259
33153
260
33411
261
33670
262
33930
263
34191
264
34453
265
34716
266
34980
267
35245
268
35511
269
35778
270
36046
271
36315
272
36585
273
36856
274
37128
275
37401
276
37675
277
37950
278
38226
279
38503
280
38781
281
39060
282
39340
283
39621
284
39903
285
40186
286
40470
287
40755
288
41041
289
41328
290
41616
291
41905
292
42195
293
42486
294
42778
295
43071
296
43365
297
43660
298
43956
299
44253
300
44551
301
44850
302
45150
303
45451
304
45753
305
46056
306
46360
307
46665
308
46971
309
47278
310
47586
311
47895
312
48205
313
48516
314
48828
315
49141
316
49455
317
49770
318
49771
319
50087
320
50404
321
50722
322
51041
323
51361
324
51682
325
52004
326
52327
327
52651
328
52976
329
53302
330
53629
331
53957
332
54286
333
54616
334
54947
335
55279
336
55612
337
55946
338
56281
339
56617
340
56954
341
340
342
341
343
342
344
343
345
344
346
345
347
346
348
347
349
348
350
349
351
350
352
351
353
352
354
353
355
354
356
355
357
356
358
357
359
358
360
359
361
360
362
361
363
362
364
363
365
364
366
365
367
366
368
367
369
368
370
369
371
370
372
371
373
372
374
373
375
374
376
375
377
376
378
377
379
378
380
379
381
380
382
381
383
382
384
383
385
384
386
385
387
386
388
387
389
388
390
389
391
390
392
391
393
392
394
393
395
394
396
395
397
396
398
397
399
398
400
399
401
400
402
401
403
402
404
403
405
404
406
405
407
406
408
407
409
408
410
409
411
410
412
411
413
412
414
413
415
85079
416
85492
417
85906
418
86321
419
86737
420
87154
421
87572
422
87991
423
88411
424
88832
425
89254
426
89677
427
90101
428
90526
429
90952
430
91379
431
91807
432
92236
433
92666
434
93097
435
93529
436
93962
437
94396
438
94831
439
95267
440
95704
441
96142
442
96581
443
97021
444
97462
445
97904
446
98347
447
98791
448
99236
449
99682
450
100129
451
100577
452
101026
453
101476
454
101927
455
102379
456
102832
457
103286
458
103741
459
104197
460
104654
461
105112
462
105571
463
106031
464
106492
465
106954
466
107417
467
107881
468
108346
469
108812
470
109279
471
109747
472
110216
473
110686
474
111157
475
111629
476
112102
477
112576
478
113051
479
113527
480
114004
481
114482
482
114961
483
115441
484
115922
485
116404
486
116887
487
117371
488
117856
489
118342
490
118829
491
119317
492
119806
493
120296
494
120787
495
121279
496
121772
497
122266
498
122761
499
123257
500
123754
501
124252
502
124751
503
125251
504
125752
505
126254
506
126757
507
127261
508
127766
509
128272
510
128779
511
129287
512
129796
513
130306
514
130817
515
131329
516
131842
517
131843
518
132357
519
132872
520
133388
521
133905
522
134423
523
134942
524
135462
525
135983
526
136505
527
137028
528
137552
529
138077
530
138603
531
139130
532
139658
533
140187
534
140717
535
141248
536
141780
537
142313
538
142847
539
143382
540
143918
541
144455
542
144993
543
145532
544
146072
545
146613
546
147155
547
147698
548
148242
549
148787
550
149333
551
149334
552
149881
553
150429
554
150978
555
151528
556
152079
557
152631
558
153184
559
153738
560
154293
561
154849
562
155406
563
155964
564
156523
565
157083
566
157644
567
158206
568
158769
569
159333
570
159898
571
160464
572
161031
573
161599
574
162168
575
162738
576
163309
577
163881
578
164454
579
164455
580
165029
581
165604
582
165605
583
166181
584
166758
585
167336
586
167915
587
168495
588
169076
589
169658
590
170241
591
170825
592
171410
593
171996
594
172583
595
173171
596
173760
597
174350
598
174351
599
174352
600
174943
601
175535
602
176128
603
176722
604
177317
605
177913
606
178510
607
179108
608
179707
609
180307
610
180908
611
181510
612
182113
613
182717
614
183322
615
183928
616
184535
617
185143
618
185752
619
186362
620
186973
621
187585
622
188198
623
188812
624
189427
625
190043
626
190660
627
191278
628
191897
629
192517
630
193138
631
193760
632
194383
633
195007
634
195632
635
196258
636
196885
637
197513
638
198142
639
198772
640
199403
641
200035
642
200668
643
201302
644
201937
645
202573
646
203210
647
203848
648
204487
649
205127
650
205768
651
206410
652
207053
653
207697
654
208342
655
208988
656
209635
657
210283
658
210932
659
211582
660
212233
661
212885
662
213538
663
214192
664
214847
665
215503
666
216160
667
216818
668
217477
669
218137
670
218798
671
219460
672
220123
673
220787
674
221452
675
222118
676
222785
677
223453
678
224122
679
224792
680
225463
681
226135
682
226808
683
227482
684
228157
685
228833
686
229510
687
230188
688
230867
689
231547
690
232228
691
232910
692
233593
693
234277
694
234962
695
235648
696
236335
697
237023
698
237712
699
238402
700
239093
701
239785
702
240478
703
241172
704
241867
705
242563
706
243260
707
243958
708
244657
709
245357
710
246058
711
246760
712
247463
713
248167
714
248872
715
249578
716
250285
717
250993
718
251702
719
252412
720
253123
721
253835
722
254548
723
255262
724
255977
725
256693
726
257410
727
258128
728
258847
729
259567
730
260288
731
261010
732
261733
733
262457
734
263182
735
263908
736
264635
737
265363
738
266092
739
266822
740
267553
741
268285
742
269018
743
269752
744
270487
745
271223
746
271960
747
272698
748
273437
749
274177
750
274918
751
275660
752
276403
753
277147
754
277892
755
278638
756
279385
757
280133
758
280882
759
281632
760
282383
761
283135
762
283888
763
284642
764
285397
765
286153
766
286154
767
286911
768
287669
769
288428
770
289188
771
289949
772
290711
773
291474
774
292238
775
293003
776
293769
777
294536
778
295304
779
296073
780
296843
781
297614
782
298386
783
299159
784
299933
785
300708
786
301484
787
302261
788
303039
789
303818
790
304598
791
305379
792
306161
793
306944
794
307728
795
308513
796
309299
797
310086
798
310874
799
311663
800
312453
801
313244
802
314036
803
314829
804
315623
805
316418
806
317214
807
318011
808
318809
809
319608
810
320408
811
321209
812
322011
813
322814
814
323618
815
324423
816
325229
817
326036
818
326844
819
327653
820
328463
821
329274
822
330086
823
330899
824
331713
825
332528
826
333344
827
334161
828
334979
829
335798
830
336618
831
337439
832
338261
833
339084
834
339908
835
340733
836
341559
837
342386
838
343214
839
344043
840
344873
841
345704
842
346536
843
346537
844
347370
845
348204
846
349039
847
349875
848
350712
849
356593
850
357438
851
358284
852
359131
853
359979
854
360828
855
361678
856
362529
857
363381
858
364234
859
365088
860
365943
861
366799
862
366800
863
367657
864
368515
865
369374
866
370234
867
371095
868
371957
869
372820
870
373684
871
374549
872
375415
873
376282
874
377150
875
378019
876
378889
877
379760
878
380632
879
381505
880
382379
881
383254
882
384130
883
385007
884
385885
885
386764
886
387644
887
388525
888
389407
889
390290
890
391174
891
392059
892
392945
893
393832
894
394720
895
395609
896
396499
897
397390
898
398282
899
399175
900
400069
901
400964
902
401860
903
402757
904
403655
905
404554
906
405454
907
406355
908
407257
909
408160
910
409064
911
409969
912
410875
913
411782
914
412690
915
413599
916
414509
917
415420
918
416332
919
417245
920
418159
921
419074
922
419990
923
420907
924
421825
925
422744
926
423664
927
424585
928
425507
929
426430
930
427354
931
428279
932
429205
933
430132
934
431060
935
431989
936
432919
937
433850
938
434782
939
435715
940
436649
941
437584
942
438520
943
439457
944
440395
945
441334
946
442274
947
443215
948
444157
949
445100
950
446044
951
446989
952
447935
953
448882
954
449830
955
449831
956
450780
957
451730
958
452681
959
453633
960
454586
961
455540
962
456495
963
457451
964
458408
965
459366
966
460325
967
461285
968
462246
969
463208
970
464171
971
465135
972
466100
973
467066
974
468033
975
469001
976
469970
977
470940
978
471911
979
472883
980
473856
981
474830
982
475805
983
476781
984
477758
985
478736
986
479715
987
480695
988
481676
989
482658
990
483641
991
484625
992
485610
993
486596
994
487583
995
488571
996
489560
997
490550
998
491541
999
492533
