1
1
2
1
3
1
4
0
5
1
6
1
7
1
8
1
9
1
10
2
11
2
12
1
13
1
14
2
15
1
16
2
17
1
18
2
19
2
20
3
21
2
22
3
23
2
24
2
25
3
26
3
27
3
28
3
29
4
30
4
31
4
32
4
33
5
34
5
35
5
36
6
37
5
38
6
39
6
40
6
41
7
42
7
43
7
44
8
45
7
46
8
47
9
48
8
49
9
50
9
51
10
52
10
53
10
54
11
55
11
56
11
57
12
58
12
59
13
60
12
61
13
62
12
63
14
64
14
65
16
66
15
67
16
68
16
69
17
70
16
71
18
72
18
73
18
74
18
75
20
76
20
77
20
78
21
79
22
80
22
81
22
82
23
83
23
84
24
85
25
86
25
87
25
88
26
89
27
90
27
91
27
92
28
93
29
94
30
95
30
96
31
97
31
98
32
99
33
100
33
101
35
102
35
103
36
104
37
105
37
106
37
107
38
108
39
109
39
110
40
111
41
112
41
113
42
114
43
115
44
116
45
117
45
118
46
119
47
120
48
121
48
122
49
123
49
124
50
125
52
126
52
127
53
128
53
129
54
130
55
131
56
132
56
133
58
134
55
135
57
136
57
137
58
138
54
139
59
140
59
141
60
142
60
143
61
144
62
145
63
146
63
147
64
148
65
149
63
150
65
151
66
152
65
153
67
154
67
155
67
156
68
157
69
158
70
159
69
160
70
161
71
162
71
163
72
164
73
165
83
166
75
167
75
168
74
169
76
170
77
171
76
172
78
173
79
174
78
175
80
176
80
177
80
178
83
179
84
180
83
181
84
182
85
183
85
184
88
185
75
186
75
187
76
188
77
189
78
190
79
191
80
192
81
193
81
194
91
195
84
196
86
197
85
198
102
199
103
200
103
201
103
202
103
203
105
204
105
205
103
206
116
207
125
208
95
209
96
210
96
211
97
212
99
213
102
214
100
215
103
216
105
217
106
218
128
219
105
220
106
221
107
222
108
223
109
224
110
225
111
226
112
227
112
228
114
229
116
230
115
231
116
232
117
233
118
234
119
235
120
236
120
237
124
238
124
239
127
240
128
241
138
242
129
243
131
244
132
245
130
246
135
247
135
248
143
249
140
250
143
251
144
252
149
253
144
254
144
255
178
256
190
257
197
258
200
259
192
260
188
261
193
262
165
263
149
264
151
265
152
266
155
267
158
268
155
269
159
270
159
271
161
272
160
273
162
274
163
275
176
276
164
277
165
278
167
279
168
280
169
281
170
282
171
283
173
284
173
285
174
286
177
287
177
288
178
289
180
290
181
291
182
292
190
293
184
294
186
295
187
296
188
297
189
298
191
299
192
300
195
301
194
302
196
303
197
304
198
305
200
306
201
307
217
308
231
309
206
310
229
311
221
312
210
313
211
314
219
315
218
316
214
317
215
318
238
319
287
320
303
321
303
322
288
323
247
324
225
325
226
326
228
327
229
328
230
329
231
330
233
331
247
332
237
333
237
334
267
335
240
336
241
337
242
338
244
339
246
340
247
341
249
342
250
343
252
344
252
345
254
346
256
347
258
348
259
349
260
350
262
351
263
352
265
353
266
354
268
355
301
356
306
357
273
358
302
359
311
360
277
361
279
362
321
363
294
364
288
365
299
366
286
367
286
368
288
369
291
370
292
371
294
372
295
373
336
374
341
375
312
376
316
377
303
378
304
379
307
380
308
381
309
382
311
383
313
384
314
385
325
386
318
387
318
388
320
389
323
390
358
391
341
392
327
393
329
394
340
395
331
396
334
397
335
398
338
399
349
400
340
401
348
402
345
403
385
404
348
405
349
406
409
407
485
408
505
409
509
410
464
411
360
412
362
413
362
414
373
415
366
416
368
417
369
418
372
419
383
420
408
421
377
422
379
423
509
424
519
425
518
426
540
427
540
428
481
429
392
430
393
431
396
432
442
433
414
434
400
435
403
436
433
437
405
438
407
439
410
440
421
441
413
442
415
443
417
444
418
445
469
446
423
447
424
448
436
449
428
450
430
451
432
452
434
453
436
454
448
455
450
456
442
457
443
458
490
459
447
460
449
461
450
462
468
463
456
464
457
465
458
466
461
467
463
468
464
469
475
470
511
471
486
472
474
473
475
474
477
475
479
476
493
477
482
478
485
479
486
480
489
481
491
482
547
483
496
484
496
485
499
486
501
487
503
488
504
489
516
490
532
491
672
492
515
493
581
494
530
495
520
496
522
497
524
498
526
499
528
500
529
501
532
502
534
503
537
504
587
505
541
506
543
507
545
508
547
509
584
510
586
511
557
512
566
513
559
514
636
515
731
516
733
517
606
518
783
519
571
520
574
521
575
522
589
523
632
524
581
525
584
526
585
527
589
528
601
529
593
530
596
531
625
532
646
533
610
534
604
535
605
536
783
537
622
538
624
539
615
540
620
541
652
542
636
543
636
544
626
545
628
546
632
547
634
548
636
549
637
550
668
551
642
552
644
553
646
554
660
555
653
556
654
557
657
558
822
559
725
560
664
561
674
562
822
563
957
564
848
565
676
566
679
567
729
568
683
569
684
570
688
571
690
572
696
573
693
574
696
575
750
576
777
577
820
578
707
579
709
580
711
581
725
582
717
583
782
584
721
585
722
586
725
587
727
588
730
589
732
590
743
591
787
592
740
593
750
594
752
595
936
596
751
597
753
598
771
599
773
600
760
601
764
602
767
603
774
604
771
605
773
606
827
607
785
608
781
609
783
610
787
611
793
612
966
613
833
614
809
615
806
616
801
617
804
618
806
619
808
620
811
621
863
622
817
623
820
624
823
625
824
626
828
627
829
628
884
629
934
630
935
631
855
632
843
633
846
634
849
635
918
636
854
637
858
638
860
639
866
640
864
641
879
642
873
643
883
644
875
645
1044
646
881
647
891
648
944
649
889
650
901
651
893
652
897
653
899
654
913
655
934
656
909
657
912
658
924
659
916
660
919
661
1119
662
925
663
928
664
931
665
941
666
935
667
954
668
941
669
945
670
947
671
950
672
957
673
956
674
958
675
1137
676
976
677
968
678
970
679
978
680
977
681
978
682
987
683
984
684
988
685
990
686
1009
687
1002
688
1000
689
1166
690
1005
691
1007
692
1090
693
1012
694
1016
695
1019
696
1026
697
1024
698
1027
699
1035
700
1033
701
1036
702
1053
703
1164
704
1045
705
1047
706
1156
707
1112
708
1057
709
1061
710
1062
711
1064
712
1076
713
1070
714
1086
715
1100
716
1113
717
1165
718
1095
719
1089
720
1094
721
1101
722
1100
723
1101
724
1110
725
1107
726
1113
727
1118
728
1117
729
1119
730
1129
731
1126
732
1130
733
1136
734
1136
735
1137
736
1146
737
1277
738
1149
739
1159
740
1154
741
1157
742
1163
743
1164
744
1166
745
1174
746
1172
747
1378
748
1187
749
1181
750
1184
751
1191
752
1191
753
1193
754
1202
755
1201
756
1204
757
1353
758
1210
759
1220
760
1215
761
1220
762
1226
763
1225
764
1230
765
1236
766
1235
767
1238
768
1245
769
1245
770
1248
771
1290
772
1402
773
1273
774
1262
775
1265
776
1276
777
1453
778
1275
779
1277
780
1281
781
1340
782
1299
783
1296
784
1306
785
1298
786
1515
787
1731
788
1679
789
1792
790
1314
791
1316
792
1321
793
1362
794
1326
795
1330
796
1343
797
1339
798
1399
799
1362
800
1373
801
1379
802
1354
803
1367
804
1360
805
1364
806
1374
807
1424
808
1474
809
1815
810
1428
811
1389
812
1387
813
1398
814
1395
815
1403
816
1402
817
1468
818
1435
819
1837
820
1425
821
1456
822
1429
823
1425
824
1430
825
1436
826
1467
827
1498
828
1442
829
1445
830
1448
831
1463
832
1463
833
1459
834
1468
835
1465
836
1470
837
1477
838
1478
839
1485
840
1483
841
1491
842
1493
843
1495
844
1504
845
1503
846
1511
847
1511
848
1515
849
1518
850
1519
851
1527
852
1526
853
1533
854
1534
855
1540
856
1541
857
1625
858
1581
859
1550
860
1562
861
1560
862
1566
863
1565
864
1574
865
1571
866
1582
867
1581
868
1582
869
1591
870
1589
871
1597
872
1596
873
1605
874
1606
875
1612
876
1611
877
1621
878
1620
879
1622
880
1634
881
1632
882
1653
883
1641
884
1647
885
1646
886
1653
887
1654
888
1661
889
1662
890
1671
891
1668
892
1711
893
1700
894
1687
895
1684
896
1687
897
1693
898
1697
899
1701
900
1704
901
1710
902
1710
903
1719
904
1716
905
1727
906
1724
907
1731
908
1732
909
1741
910
1740
911
1750
912
1747
913
1756
914
1757
915
1763
916
1764
917
1773
918
1773
919
1778
920
1787
921
1824
922
1786
923
1796
924
1793
925
1803
926
1802
927
1994
928
2563
929
2553
930
2571
931
2253
932
1970
933
1855
934
1832
935
1845
936
1840
937
1856
938
1849
939
1854
940
1857
941
1860
942
1869
943
1870
944
1877
945
1884
946
1896
947
1887
948
1901
949
1894
950
1908
951
1899
952
1909
953
1908
954
1948
955
1922
956
1920
957
1929
958
1928
959
1937
960
1937
961
1945
962
1945
963
1954
964
1954
965
1959
966
1967
967
1964
968
1973
969
1973
970
1981
971
1980
972
1989
973
2049
974
2041
975
2069
976
2002
977
2011
978
2009
979
2017
980
2017
981
2021
982
2029
983
2044
984
2040
985
2038
986
2049
987
2047
988
2059
989
2061
990
2059
991
2068
992
2066
993
2079
994
2079
995
2081
996
2087
997
2089
998
2099
999
2095
