1
0
2
1
3
2
4
4
5
8
6
8
7
11
8
12
9
15
10
18
11
23
12
29
13
29
14
31
15
35
16
44
17
47
18
49
19
55
20
64
21
72
22
76
23
85
24
102
25
124
26
131
27
137
28
159
29
174
30
201
31
225
32
250
33
279
34
299
35
322
36
353
37
376
38
394
39
400
40
411
41
418
42
447
43
485
44
494
45
529
46
539
47
572
48
572
49
589
50
592
51
615
52
644
53
656
54
692
55
712
56
718
57
772
58
800
59
853
60
880
61
908
62
953
63
974
64
999
65
1030
66
1033
67
1057
68
1067
69
1112
70
1148
71
1177
72
1233
73
1251
74
1279
75
1352
76
1358
77
1401
78
1459
79
1466
80
1529
81
1595
82
1638
83
1678
84
1680
85
1705
86
1767
87
1783
88
1807
89
1832
90
1839
91
1899
92
1961
93
2043
94
2133
95
2138
96
2176
97
2178
98
2219
99
2273
100
2343
101
2425
102
2514
103
2570
104
2578
105
2604
106
2661
107
2683
108
2760
109
2797
110
2833
111
2898
112
2919
113
3004
114
3005
115
3032
116
3037
117
3126
118
3174
119
3215
120
3216
121
3275
122
3388
123
3474
124
3521
125
3633
126
3725
127
3806
128
3927
129
3946
130
3971
131
4054
132
4182
133
4185
134
4215
135
4224
136
4266
137
4356
138
4394
139
4531
140
4663
141
4739
142
4821
143
4842
144
4891
145
4978
146
5036
147
5091
148
5155
149
5252
150
5343
151
5409
152
5424
153
5511
154
5524
155
5596
156
5675
157
5804
158
5817
159
5889
160
6039
161
6080
162
6090
163
6236
164
6282
165
6327
166
6489
167
6580
168
6726
169
6766
170
6855
171
6998
172
7118
173
7119
174
7291
175
7452
176
7559
177
7625
178
7680
179
7837
180
8006
181
8150
182
8215
183
8228
184
8306
185
8386
186
8483
187
8627
188
8669
189
8777
190
8821
191
8856
192
8994
193
9053
194
9073
195
9255
196
9360
197
9377
198
9474
199
9558
200
9623
201
9797
202
9849
203
10032
204
10209
205
10258
206
10435
207
10549
208
10667
209
10704
210
10802
211
10919
212
11125
213
11277
214
11405
215
11490
216
11512
217
11728
218
11761
219
11836
220
11963
221
12051
222
12160
223
12225
224
12368
225
12500
226
12553
227
12563
228
12710
229
12860
230
12965
231
13154
232
13293
233
13444
234
13624
235
13736
236
13925
237
14091
238
14300
239
14391
240
14584
241
14665
242
14857
243
15044
244
15046
245
15144
246
15179
247
15208
248
15308
249
15389
250
15499
251
15710
252
15870
253
16069
254
16101
255
16153
256
16250
257
16343
258
16415
259
16645
260
16889
261
17060
262
17254
263
17399
264
17478
265
17637
266
17872
267
17894
268
17961
269
18174
270
18302
271
18316
272
18352
273
18423
274
18650
275
18690
276
18865
277
19138
278
19215
279
19466
280
19554
281
19733
282
19948
283
20189
284
20326
285
20577
286
20597
287
20808
288
20878
289
20977
290
21177
291
21233
292
21504
293
21648
294
21845
295
21910
296
22199
297
22379
298
22479
299
22548
300
22681
301
22896
302
22987
303
23155
304
23430
305
23466
306
23667
307
23842
308
23873
309
24138
310
24294
311
24425
312
24596
313
24685
314
24765
315
25046
316
25098
317
25206
318
25432
319
25568
320
25770
321
25907
322
26099
323
26292
324
26546
325
26613
326
26854
327
27103
328
27350
329
27360
330
27689
331
27747
332
27988
333
28086
334
28317
335
28550
336
28690
337
28815
338
28884
339
29059
340
29135
341
29361
342
29641
343
29888
344
30191
345
30209
346
30430
347
30442
348
30581
349
30712
350
30876
351
31205
352
31456
353
31790
354
31981
355
32175
356
32233
357
32334
358
32452
359
32781
360
32899
361
33016
362
33054
363
33062
364
33278
365
33558
366
33824
367
34149
368
34192
369
34521
370
34679
371
34814
372
35039
373
35112
374
35118
375
35314
376
35421
377
35676
378
35887
379
36126
380
36503
381
36844
382
37072
383
37342
384
37672
385
37690
386
37761
387
37775
388
37906
389
38111
390
38493
391
38737
392
39034
393
39071
394
39323
395
39464
396
39801
397
39954
398
40049
399
40442
400
40554
401
40804
402
40945
403
41270
404
41583
405
41737
406
41866
407
41880
408
42286
409
42604
410
42874
411
43276
412
43574
413
43659
414
43942
415
44201
416
44317
417
44667
418
44947
419
45191
420
45358
421
45633
422
45689
423
45739
424
46049
425
46366
426
46566
427
46835
428
46874
429
47158
430
47423
431
47592
432
47710
433
48094
434
48164
435
48178
436
48292
437
48505
438
48545
439
48660
440
48776
441
49101
442
49206
443
49629
444
50042
445
50433
446
50705
447
50792
448
51132
449
51257
450
51591
451
51643
452
52038
453
52428
454
52544
455
52834
456
53129
457
53438
458
53573
459
53907
460
54077
461
54463
462
54496
463
54769
464
55123
465
55244
466
55538
467
55543
468
55871
469
56209
470
56350
471
56779
472
57009
473
57256
474
57676
475
57885
476
58091
477
58341
478
58632
479
58705
480
59057
481
59249
482
59399
483
59707
484
59830
485
60089
486
60242
487
60662
488
60746
489
61021
490
61332
491
61592
492
61808
493
62162
494
62196
495
62279
496
62739
497
63093
498
63182
499
63499
500
63724
501
63967
502
64258
503
64683
504
65149
505
65402
506
65555
507
65740
508
66223
509
66656
510
66919
511
67284
512
67396
513
67784
514
67981
515
68234
516
68390
517
68710
518
68912
519
69159
520
69232
521
69731
522
70221
523
70520
524
70879
525
70885
526
71269
527
71594
528
71980
529
72452
530
72589
531
72650
532
72866
533
73293
534
73825
535
74002
536
74166
537
74323
538
74665
539
74790
540
74853
541
74910
542
75405
543
75624
544
76088
545
76253
546
76696
547
76772
548
77247
549
77332
550
77663
551
77676
552
77743
553
78054
554
78386
555
78829
556
79151
557
79341
558
79595
559
79773
560
79894
561
80276
562
80532
563
80870
564
81157
565
81410
566
81904
567
82333
568
82727
569
83039
570
83602
571
84060
572
84429
573
84946
574
85034
575
85344
576
85445
577
86007
578
86394
579
86434
580
86515
581
86672
582
86734
583
86918
584
87376
585
87798
586
87843
587
88079
588
88081
589
88397
590
88779
591
88913
592
89015
593
89045
594
89530
595
89931
596
90230
597
90663
598
90934
599
91018
600
91155
601
91421
602
91994
603
92509
604
92731
605
92798
606
93057
607
93392
608
93453
609
93480
610
93856
611
94033
612
94238
613
94691
614
95041
615
95093
616
95380
617
95777
618
96076
619
96370
620
96461
621
96513
622
96948
623
97182
624
97276
625
97606
626
98229
627
98630
628
98751
629
99033
630
99524
631
99816
632
100338
633
100810
634
101020
635
101110
636
101645
637
102099
638
102540
639
103150
640
103628
641
103826
642
103972
643
103990
644
103990
645
104493
646
104577
647
104882
648
105170
649
105566
650
106129
651
106507
652
106969
653
107347
654
107926
655
108472
656
108493
657
109072
658
109395
659
109563
660
109783
661
109934
662
110393
663
110467
664
111099
665
111740
666
111941
667
112485
668
112937
669
113558
670
114081
671
114372
672
114518
673
114521
674
114844
675
114993
676
115522
677
115931
678
116382
679
116506
680
116624
681
117005
682
117525
683
118105
684
118157
685
118608
686
119102
687
119186
688
119572
689
119678
690
119965
691
120543
692
120833
693
120867
694
121530
695
121797
696
121810
697
121984
698
122096
699
122597
700
122722
701
123376
702
123441
703
123745
704
124412
705
124816
706
125265
707
125795
708
125882
709
126108
710
126762
711
127013
712
127598
713
128105
714
128230
715
128870
716
129144
717
129763
718
129784
719
130408
720
130424
721
130754
722
131285
723
131614
724
131984
725
132499
726
133059
727
133444
728
134107
729
134769
730
134918
731
134993
732
135621
733
135867
734
136259
735
136867
736
137483
737
137579
738
138011
739
138739
740
139072
741
139462
742
139706
743
139892
744
140037
745
140416
746
140521
747
140942
748
141241
749
141376
750
141717
751
142035
752
142501
753
142607
754
143218
755
143279
756
143909
757
144362
758
144827
759
145413
760
146851
761
147134
762
147564
763
147943
764
148592
765
148649
766
148843
767
149096
768
149726
769
149839
770
150032
771
150032
772
150189
773
150298
774
150693
775
150834
776
151285
777
151295
778
151812
779
152314
780
152609
781
153113
782
153496
783
153843
784
153940
785
154018
786
154629
787
155171
788
155658
789
155746
790
155765
791
155900
792
156301
793
156768
794
157295
795
157575
796
158091
797
158839
798
159399
799
159777
800
159852
801
160619
802
160999
803
161240
804
161330
805
162113
806
162534
807
163084
808
163872
809
164015
810
164272
811
164561
812
165220
813
165869
814
166513
815
167286
816
168020
817
168513
818
169039
819
169476
820
170054
821
170592
822
171160
823
171319
824
171502
825
171791
826
172269
827
172988
828
173228
829
173444
830
173731
831
174055
832
174238
833
174928
834
175516
835
175804
836
176472
837
176643
838
176679
839
177331
840
177663
841
177954
842
178080
843
178258
844
178391
845
179199
846
179338
847
179408
848
179889
849
180570
850
181085
851
181309
852
181718
853
181963
854
182379
855
182987
856
183546
857
183595
858
184116
859
184934
860
185213
861
186031
862
186331
863
186828
864
187499
865
187560
866
188350
867
188877
868
189110
869
189934
870
190270
871
190857
872
191118
873
191603
874
192376
875
192790
876
193251
877
193315
878
193804
879
193875
880
194646
881
194768
882
195067
883
195385
884
195782
885
196515
886
196591
887
196679
888
197455
889
198057
890
198115
891
198300
892
198871
893
199241
894
199930
895
200309
896
200732
897
201364
898
201392
899
202056
900
202644
901
203020
902
203407
903
204277
904
205152
905
205442
906
205848
907
206293
908
206654
909
207557
910
208076
911
208330
912
208454
913
209279
914
209876
915
210425
916
211097
917
211767
918
212402
919
212981
920
213360
921
214040
922
214815
923
214863
924
215006
925
215588
926
216025
927
216620
928
216919
929
217395
930
217748
931
218665
932
219518
933
220279
934
221164
935
221988
936
222117
937
222479
938
222824
939
223344
940
223700
941
224579
942
225367
943
225878
944
226673
945
227147
946
227263
947
227830
948
228033
949
228805
950
229006
951
229623
952
230176
953
230250
954
230917
955
231614
956
232289
957
232448
958
232795
959
232836
960
233485
961
234215
962
234244
963
234827
964
235398
965
236340
966
236818
967
237527
968
237878
969
238714
970
238983
971
239722
972
240501
973
240625
974
240909
975
241555
976
242171
977
242603
978
242844
979
243683
980
243925
981
244408
982
244923
983
245747
984
246310
985
246506
986
247081
987
247331
988
247703
989
248642
990
248931
991
249003
992
249716
993
250036
994
250700
995
250991
996
251294
997
251449
998
251503
999
252200
