1
0
2
1
3
2
4
4
5
4
6
7
7
8
8
11
9
14
10
14
11
15
12
15
13
27
14
21
15
18
16
43
17
40
18
21
19
34
20
33
21
35
22
37
23
40
24
45
25
53
26
53
27
62
28
84
29
68
30
71
31
67
32
56
33
79
34
82
35
102
36
115
37
105
38
106
39
111
40
141
41
111
42
106
43
100
44
77
45
124
46
135
47
137
48
134
49
131
50
172
51
122
52
155
53
138
54
132
55
169
56
162
57
170
58
203
59
180
60
174
61
124
62
194
63
228
64
221
65
201
66
193
67
204
68
279
69
197
70
197
71
216
72
190
73
189
74
237
75
209
76
251
77
255
78
202
79
274
80
261
81
254
82
218
83
231
84
310
85
270
86
199
87
297
88
320
89
297
90
292
91
350
92
274
93
425
94
286
95
389
96
330
97
300
98
404
99
347
100
293
101
390
102
384
103
329
104
420
105
352
106
320
107
372
108
429
109
340
110
326
111
316
112
561
113
487
114
483
115
412
116
490
117
427
118
405
119
433
120
371
121
395
122
423
123
393
124
530
125
388
126
538
127
445
128
365
129
421
130
450
131
431
132
559
133
494
134
528
135
473
136
449
137
420
138
662
139
802
140
570
141
513
142
530
143
682
144
505
145
561
146
533
147
565
148
585
149
768
150
607
151
582
152
690
153
479
154
494
155
627
156
488
157
667
158
578
159
645
160
678
161
539
162
733
163
516
164
550
165
488
166
799
167
668
168
586
169
739
170
737
171
604
172
677
173
602
174
743
175
672
176
827
177
902
178
641
179
719
180
790
181
881
182
671
183
610
184
694
185
746
186
589
187
741
188
702
189
809
190
762
191
673
192
688
193
789
194
795
195
696
196
1000
197
907
198
776
199
707
200
775
201
1006
202
860
203
813
204
969
205
799
206
867
207
919
208
808
209
902
210
877
211
1070
212
809
213
851
214
867
215
852
216
786
217
874
218
797
219
805
220
824
221
866
222
802
223
1039
224
973
225
940
226
864
227
844
228
909
229
1161
230
1069
231
1126
232
1007
233
998
234
866
235
850
236
995
237
1156
238
846
239
976
240
1086
241
847
242
1022
243
855
244
847
245
957
246
1008
247
970
248
891
249
852
250
1196
251
1068
252
901
253
902
254
1080
255
950
256
965
257
996
258
1107
259
1323
260
972
261
1262
262
1017
263
970
264
1363
265
1279
266
1201
267
1252
268
1060
269
966
270
1046
271
1137
272
1183
273
1379
274
1247
275
1038
276
1257
277
1306
278
1025
279
1302
280
1225
281
1182
282
1205
283
1292
284
1013
285
1305
286
1132
287
1475
288
1077
289
1233
290
1310
291
1316
292
1293
293
1376
294
1524
295
1149
296
1280
297
1284
298
1725
299
1136
300
1347
301
1449
302
1424
303
1458
304
1460
305
1272
306
1636
307
1337
308
1328
309
1393
310
1456
311
1352
312
1514
313
1187
314
1208
315
1278
316
1689
317
1266
318
1271
319
1235
320
1678
321
1402
322
1235
323
1476
324
1418
325
1346
326
1613
327
1274
328
1334
329
1434
330
1348
331
1387
332
1509
333
1313
334
1449
335
1253
336
1757
337
1434
338
1342
339
1442
340
1718
341
1335
342
1451
343
1356
344
1411
345
1483
346
1385
347
1645
348
1435
349
1326
350
1483
351
1409
352
1384
353
1612
354
1661
355
1494
356
1405
357
1298
358
1533
359
1778
360
1430
361
1511
362
1827
363
1758
364
1954
365
1284
366
1700
367
1381
368
1651
369
1628
370
2158
371
1351
372
1743
373
1741
374
1513
375
1720
376
1834
377
2008
378
1758
379
1471
380
1841
381
2209
382
1379
383
1464
384
1731
385
1713
386
2033
387
1581
388
1724
389
1999
390
1487
391
1649
392
1847
393
1777
394
1946
395
2143
396
1698
397
1650
398
1769
399
1632
400
1562
401
1541
402
1853
403
1773
404
1906
405
1782
406
1785
407
1781
408
1903
409
2245
410
1766
411
1603
412
1826
413
2206
414
1518
415
2035
416
1426
417
1901
418
1730
419
1824
420
2016
421
1743
422
2182
423
2228
424
2287
425
1661
426
2261
427
1827
428
1660
429
1990
430
2030
431
2551
432
2359
433
2228
434
1664
435
1893
436
1851
437
1923
438
2406
439
2147
440
2258
441
2194
442
2052
443
2107
444
2274
445
1991
446
1919
447
1992
448
1837
449
2276
450
2291
451
2089
452
2284
453
1877
454
2038
455
2084
456
2235
457
2032
458
1942
459
2179
460
1845
461
1706
462
2415
463
2015
464
1990
465
2224
466
2412
467
2218
468
2696
469
2027
470
1927
471
2152
472
2048
473
2053
474
2230
475
2181
476
1904
477
1816
478
2113
479
2284
480
2856
481
2287
482
2182
483
2416
484
2221
485
2369
486
2073
487
2071
488
2240
489
2651
490
2711
491
2487
492
2932
493
2161
494
2335
495
1949
496
2313
497
2960
498
2128
499
2676
500
2004
501
2245
502
2047
503
2604
504
2250
505
2120
506
2554
507
2856
508
2778
509
2401
510
2195
511
2602
512
1944
513
2171
514
2446
515
2692
516
2310
517
2190
518
2293
519
2289
520
2229
521
2454
522
2255
523
2392
524
2387
525
2610
526
2897
527
2372
528
2354
529
2241
530
2182
531
2486
532
2571
533
2991
534
2286
535
2598
536
2472
537
2292
538
2563
539
2387
540
2306
541
2307
542
2237
543
2175
544
2333
545
2901
546
2334
547
2360
548
3183
549
2542
550
2269
551
3690
552
2451
553
2953
554
2094
555
2544
556
2805
557
2787
558
2373
559
2444
560
2535
561
2774
562
2686
563
2347
564
2524
565
3050
566
2351
567
2354
568
2463
569
3150
570
2817
571
2204
572
2484
573
3042
574
2470
575
2650
576
2951
577
2372
578
3006
579
2553
580
3153
581
2859
582
2534
583
2168
584
3154
585
3051
586
2503
587
2698
588
2525
589
2801
590
2838
591
2557
592
2293
593
2843
594
2402
595
2614
596
2848
597
2641
598
2476
599
2503
600
2641
601
2345
602
2502
603
3106
604
3080
605
2355
606
2696
607
2803
608
2957
609
2647
610
4060
611
2367
612
2642
613
3042
614
2864
615
2951
616
2810
617
2438
618
3190
619
3439
620
3150
621
3200
622
3061
623
3456
624
2885
625
3207
626
3347
627
3418
628
2718
629
2845
630
3368
631
3217
632
3400
633
3178
634
3002
635
2931
636
2645
637
2847
638
3743
639
2729
640
3018
641
2915
642
3243
643
2945
644
2628
645
2788
646
2833
647
3689
648
3292
649
2925
650
2920
651
2808
652
2963
653
3135
654
2905
655
2871
656
3035
657
3007
658
2931
659
3333
660
3245
661
3998
662
3399
663
2662
664
2975
665
3326
666
3358
667
3654
668
3099
669
3351
670
3424
671
3324
672
3209
673
2955
674
3604
675
3462
676
3419
677
2974
678
3727
679
3355
680
3261
681
4180
682
3203
683
3382
684
3841
685
3208
686
3469
687
3198
688
3035
689
2954
690
3008
691
3019
692
3214
693
3438
694
3793
695
2727
696
2892
697
3703
698
3824
699
3496
700
3072
701
3139
702
3571
703
3453
704
3135
705
3884
706
2855
707
3638
708
3962
709
3465
710
3264
711
3638
712
3100
713
3410
714
3414
715
3327
716
3742
717
4101
718
3203
719
3350
720
2976
721
3368
722
4221
723
3407
724
3400
725
3004
726
3402
727
3157
728
3420
729
4283
730
3015
731
3627
732
3952
733
3475
734
3344
735
3472
736
3258
737
3300
738
3685
739
3114
740
3993
741
3661
742
3286
743
3637
744
3325
745
3332
746
3242
747
4679
748
3269
749
3900
750
3620
751
3530
752
3225
753
4202
754
3456
755
3700
756
3812
757
4024
758
3543
759
3488
760
3822
761
3427
762
3070
763
3465
764
3527
765
3358
766
3319
767
3173
768
3611
769
3221
770
3536
771
3867
772
3899
773
3403
774
3266
775
4463
776
4396
777
3676
778
4945
779
3383
780
3807
781
3651
782
4131
783
3670
784
4055
785
3421
786
4207
787
4218
788
4541
789
3440
790
3644
791
5062
792
3211
793
3708
794
3904
795
4315
796
4574
797
3230
798
4091
799
4144
800
3833
801
3774
802
3347
803
3260
804
5124
805
4935
806
3911
807
4295
808
3192
809
3915
810
3398
811
4381
812
3420
813
3776
814
3184
815
4350
816
4750
817
4051
818
3862
819
4200
820
3646
821
4008
822
3927
823
3644
824
3801
825
3877
826
4417
827
3698
828
3690
829
3821
830
4059
831
3692
832
3993
833
3625
834
3560
835
3844
836
3868
837
3631
838
4097
839
3797
840
3273
841
4921
842
4202
843
3788
844
4769
845
4194
846
3863
847
3639
848
3795
849
4204
850
3924
851
4192
852
3862
853
4608
854
3323
855
3984
856
3631
857
4660
858
3679
859
4350
860
4034
861
3460
862
4130
863
3889
864
3891
865
4610
866
3878
867
3960
868
4208
869
3785
870
4744
871
3448
872
3630
873
5248
874
3525
875
4591
876
3951
877
4215
878
3753
879
4079
880
4124
881
4319
882
3637
883
4091
884
4248
885
4508
886
5193
887
5825
888
3899
889
4150
890
4279
891
3848
892
3724
893
4172
894
5631
895
4061
896
4983
897
4490
898
4365
899
4617
900
4571
901
3933
902
4581
903
4713
904
4549
905
4878
906
4033
907
4297
908
4312
909
4172
910
3955
911
5819
912
4269
913
4575
914
4041
915
4562
916
4172
917
3782
918
4089
919
4013
920
5248
921
4179
922
4245
923
5492
924
4817
925
5577
926
4153
927
4389
928
5147
929
4566
930
4465
931
5043
932
4517
933
4574
934
4178
935
5344
936
4356
937
4010
938
3686
939
4420
940
3847
941
4959
942
3984
943
4373
944
3796
945
4566
946
4451
947
4885
948
4879
949
5267
950
4772
951
4861
952
4607
953
4927
954
5185
955
4981
956
4477
957
5782
958
4272
959
4831
960
5634
961
5127
962
4428
963
4815
964
4840
965
4555
966
4162
967
5166
968
4596
969
3987
970
4485
971
4401
972
4257
973
4819
974
4642
975
5559
976
4333
977
4924
978
4655
979
4737
980
5058
981
4591
982
5242
983
5177
984
4696
985
4920
986
4603
987
4943
988
4737
989
7154
990
6298
991
3926
992
4549
993
4243
994
6030
995
4574
996
4230
997
4719
998
4541
999
4974
