1
0
2
0
3
1
4
2
5
3
6
1
7
5
8
8
9
4
10
6
11
9
12
15
13
13
14
10
15
16
16
13
17
27
18
36
19
25
20
28
21
25
22
51
23
43
24
50
25
47
26
29
27
41
28
44
29
56
30
46
31
51
32
31
33
80
34
59
35
49
36
57
37
78
38
94
39
97
40
78
41
76
42
65
43
101
44
79
45
79
46
62
47
88
48
79
49
76
50
70
51
113
52
127
53
117
54
84
55
120
56
124
57
137
58
109
59
131
60
146
61
162
62
118
63
115
64
121
65
166
66
279
67
172
68
201
69
151
70
211
71
191
72
139
73
156
74
150
75
199
76
165
77
180
78
213
79
243
80
184
81
207
82
298
83
246
84
170
85
367
86
180
87
267
88
193
89
198
90
239
91
331
92
330
93
269
94
179
95
208
96
256
97
200
98
237
99
259
100
293
101
300
102
344
103
254
104
273
105
344
106
403
107
426
108
404
109
283
110
336
111
328
112
378
113
286
114
338
115
334
116
312
117
392
118
322
119
305
120
449
121
271
122
407
123
366
124
391
125
543
126
336
127
332
128
625
129
420
130
538
131
343
132
346
133
537
134
367
135
401
136
400
137
396
138
376
139
484
140
350
141
419
142
430
143
338
144
514
145
402
146
541
147
442
148
391
149
457
150
480
151
529
152
497
153
445
154
582
155
817
156
514
157
489
158
514
159
576
160
597
161
645
162
524
163
565
164
593
165
412
166
591
167
436
168
477
169
455
170
455
171
528
172
522
173
479
174
668
175
457
176
639
177
418
178
656
179
466
180
742
181
521
182
474
183
503
184
434
185
627
186
715
187
529
188
570
189
517
190
654
191
554
192
487
193
584
194
563
195
672
196
834
197
762
198
829
199
583
200
657
201
747
202
719
203
769
204
676
205
658
206
622
207
688
208
612
209
669
210
589
211
816
212
584
213
602
214
862
215
598
216
925
217
705
218
714
219
693
220
652
221
785
222
1118
223
621
224
769
225
837
226
930
227
910
228
712
229
985
230
684
231
958
232
1040
233
781
234
810
235
723
236
1132
237
806
238
615
239
738
240
804
241
815
242
876
243
720
244
951
245
852
246
922
247
762
248
863
249
817
250
950
251
869
252
980
253
820
254
814
255
859
256
831
257
726
258
981
259
697
260
882
261
1115
262
826
263
824
264
732
265
1057
266
970
267
982
268
948
269
929
270
956
271
1163
272
920
273
896
274
843
275
1133
276
960
277
1069
278
909
279
1131
280
961
281
896
282
959
283
1333
284
1074
285
753
286
879
287
1015
288
1247
289
969
290
790
291
906
292
1156
293
1042
294
1007
295
1036
296
860
297
969
298
1150
299
938
300
1364
301
956
302
1027
303
1249
304
941
305
1055
306
1350
307
1263
308
1099
309
1236
310
1062
311
946
312
1113
313
1015
314
944
315
1368
316
897
317
1602
318
1277
319
1150
320
999
321
1000
322
1073
323
1031
324
1299
325
1129
326
1165
327
1074
328
1279
329
1160
330
1199
331
958
332
1070
333
1589
334
1201
335
1381
336
1300
337
950
338
1628
339
1353
340
1075
341
1269
342
1078
343
1092
344
1174
345
1530
346
1223
347
1317
348
1235
349
1229
350
1152
351
1365
352
1295
353
1054
354
1252
355
1295
356
1640
357
1476
358
1085
359
1377
360
2175
361
1648
362
1081
363
1213
364
1177
365
1443
366
1580
367
1474
368
1259
369
1319
370
1172
371
1409
372
1185
373
1350
374
1372
375
1285
376
1046
377
1064
378
1152
379
1575
380
1401
381
1414
382
1332
383
1600
384
1704
385
1937
386
1526
387
1274
388
1367
389
1406
390
1752
391
1440
392
1436
393
1643
394
1199
395
1796
396
1428
397
1384
398
1510
399
1211
400
1227
401
1399
402
1786
403
1660
404
1359
405
1792
406
1405
407
1297
408
1265
409
1463
410
1758
411
1334
412
1616
413
1480
414
1523
415
1462
416
1598
417
1285
418
1772
419
1548
420
1963
421
1465
422
1292
423
2654
424
1573
425
1357
426
1403
427
1853
428
1681
429
1448
430
1726
431
1875
432
1530
433
1734
434
1224
435
1469
436
1630
437
1443
438
1614
439
1884
440
1752
441
1940
442
1342
443
1387
444
1747
445
2400
446
1592
447
1597
448
1583
449
1740
450
1823
451
1468
452
1610
453
2011
454
1767
455
1920
456
1766
457
1655
458
2077
459
1780
460
2170
461
1583
462
1422
463
1660
464
1815
465
1480
466
1500
467
1902
468
2187
469
2457
470
1848
471
1870
472
1734
473
1560
474
2325
475
2019
476
1675
477
1905
478
1819
479
1472
480
1741
481
1851
482
1713
483
1618
484
1866
485
1858
486
1975
487
2031
488
1705
489
1794
490
2133
491
1666
492
1949
493
1642
494
2129
495
2380
496
2738
497
2288
498
1705
499
1938
500
1706
501
1862
502
2064
503
1667
504
1809
505
1820
506
1568
507
1979
508
1584
509
1920
510
1710
511
2600
512
2145
513
2237
514
1518
515
2032
516
2538
517
1842
518
2285
519
1789
520
2177
521
1817
522
2129
523
1890
524
2163
525
2309
526
1677
527
2065
528
1999
529
2279
530
2417
531
1902
532
1991
533
2399
534
1829
535
1755
536
1879
537
1674
538
2337
539
1696
540
2049
541
1951
542
2157
543
2392
544
1880
545
2317
546
1844
547
1844
548
2070
549
2259
550
1845
551
2123
552
2180
553
2005
554
2070
555
2057
556
2355
557
2710
558
1631
559
2160
560
2167
561
1815
562
2536
563
1973
564
2177
565
2445
566
2438
567
1837
568
2202
569
2128
570
2086
571
1969
572
1943
573
2297
574
1415
575
1918
576
2519
577
2323
578
1815
579
2129
580
2111
581
1744
582
2529
583
2105
584
2145
585
1956
586
2585
587
2219
588
2184
589
1878
590
2270
591
2286
592
2474
593
2038
594
2498
595
2463
596
2752
597
2001
598
2370
599
2073
600
2227
601
2496
602
2469
603
2295
604
2137
605
2119
606
2598
607
3082
608
2109
609
2627
610
2102
611
3099
612
2096
613
2658
614
3150
615
2132
616
2368
617
2777
618
2411
619
2427
620
2084
621
2827
622
2594
623
2144
624
2527
625
2247
626
2207
627
2614
628
2429
629
2625
630
2624
631
2570
632
1773
633
2221
634
2046
635
2301
636
2598
637
2307
638
2314
639
2192
640
2330
641
2315
642
3001
643
2597
644
2669
645
2220
646
2253
647
2612
648
2549
649
2487
650
2256
651
2893
652
3092
653
2585
654
2631
655
2614
656
3133
657
2430
658
3352
659
2199
660
2490
661
2305
662
2347
663
2787
664
2926
665
3063
666
2113
667
2475
668
4244
669
2501
670
2723
671
2085
672
3078
673
2581
674
2776
675
2642
676
2612
677
3316
678
2589
679
2950
680
2584
681
2528
682
2509
683
2240
684
3222
685
2732
686
3139
687
2487
688
3219
689
2563
690
3053
691
2557
692
2891
693
2832
694
2266
695
2413
696
2509
697
3000
698
2492
699
2580
700
3024
701
2654
702
2476
703
2700
704
2761
705
3304
706
2505
707
2631
708
3032
709
3780
710
2893
711
2742
712
2557
713
2898
714
2593
715
2632
716
2266
717
3042
718
2752
719
3026
720
3254
721
2835
722
2808
723
2863
724
2740
725
2365
726
3479
727
2965
728
3134
729
3543
730
3241
731
3270
732
2720
733
2791
734
4117
735
2834
736
2965
737
3494
738
3255
739
3809
740
2252
741
2875
742
3239
743
3453
744
2538
745
3144
746
2637
747
2869
748
2851
749
2428
750
2315
751
3755
752
2960
753
3647
754
3280
755
2914
756
3017
757
2593
758
3047
759
3264
760
3085
761
2745
762
3250
763
2637
764
3869
765
2959
766
3681
767
2777
768
3127
769
2809
770
3219
771
3923
772
3205
773
2694
774
2888
775
2946
776
2852
777
3002
778
2719
779
2929
780
3950
781
2925
782
3481
783
3181
784
2524
785
3538
786
3087
787
3589
788
2885
789
2838
790
3962
791
3082
792
3485
793
3283
794
3992
795
3229
796
3015
797
2594
798
2883
799
2888
800
3279
801
3653
802
3835
803
2883
804
3390
805
3302
806
3934
807
3345
808
3538
809
3413
810
3717
811
3036
812
2817
813
3497
814
3028
815
3201
816
3017
817
3398
818
3361
819
2871
820
3205
821
3054
822
3674
823
3175
824
3497
825
3094
826
3361
827
2912
828
3514
829
3491
830
4095
831
3394
832
3025
833
3308
834
2928
835
3199
836
3077
837
3054
838
3691
839
3438
840
3280
841
3221
842
3333
843
3466
844
3179
845
4643
846
3730
847
4879
848
3045
849
3052
850
3804
851
3440
852
3602
853
2675
854
3063
855
3574
856
2858
857
3532
858
2906
859
3650
860
3529
861
3665
862
2927
863
3623
864
4083
865
3407
866
4178
867
2486
868
3223
869
2908
870
2982
871
3577
872
3724
873
3481
874
3425
875
2930
876
4297
877
3476
878
3273
879
3322
880
3050
881
3434
882
4120
883
3280
884
3613
885
4560
886
4797
887
3121
888
3926
889
3850
890
3813
891
3510
892
2939
893
3097
894
3440
895
3407
896
3597
897
4126
898
3586
899
3840
900
3987
901
2946
902
2854
903
3391
904
3556
905
3279
906
3274
907
3541
908
3844
909
3275
910
3773
911
3444
912
4631
913
3794
914
4194
915
3927
916
3739
917
4593
918
3368
919
2856
920
3494
921
3173
922
3631
923
3179
924
3785
925
3394
926
4246
927
3890
928
3264
929
3481
930
3296
931
4169
932
3363
933
4333
934
3223
935
5060
936
3426
937
3438
938
4550
939
3333
940
3065
941
3412
942
3342
943
4119
944
3435
945
4352
946
2802
947
3565
948
3342
949
3503
950
3399
951
3612
952
4279
953
4972
954
3533
955
3666
956
4370
957
3771
958
4331
959
3553
960
3791
961
3625
962
4238
963
3716
964
3728
965
4223
966
3888
967
3854
968
4168
969
4417
970
3569
971
4189
972
3077
973
4697
974
4220
975
3548
976
3896
977
4471
978
3138
979
4449
980
4428
981
3641
982
3828
983
2914
984
3895
985
3818
986
3491
987
3429
988
3975
989
5441
990
4439
991
3221
992
4676
993
3713
994
4005
995
4293
996
4294
997
4014
998
3647
999
3164
