1
0
2
0
3
1
4
2
5
4
6
3
7
5
8
3
9
11
10
12
11
16
12
13
13
18
14
15
15
37
16
42
17
24
18
27
19
28
20
46
21
23
22
55
23
34
24
43
25
53
26
35
27
41
28
41
29
46
30
75
31
51
32
66
33
53
34
98
35
74
36
87
37
76
38
102
39
63
40
51
41
122
42
90
43
106
44
93
45
102
46
170
47
88
48
85
49
118
50
124
51
158
52
139
53
121
54
169
55
143
56
99
57
102
58
161
59
206
60
150
61
142
62
176
63
162
64
157
65
151
66
209
67
225
68
155
69
131
70
191
71
174
72
151
73
183
74
174
75
184
76
181
77
195
78
267
79
215
80
227
81
165
82
190
83
263
84
164
85
216
86
227
87
197
88
224
89
192
90
273
91
182
92
218
93
246
94
246
95
237
96
216
97
175
98
292
99
218
100
298
101
265
102
308
103
281
104
265
105
288
106
227
107
334
108
291
109
228
110
306
111
338
112
310
113
324
114
355
115
298
116
320
117
311
118
351
119
323
120
349
121
437
122
352
123
336
124
256
125
321
126
311
127
270
128
329
129
444
130
283
131
458
132
322
133
349
134
417
135
463
136
450
137
408
138
303
139
441
140
498
141
302
142
518
143
464
144
335
145
550
146
486
147
389
148
494
149
479
150
399
151
434
152
498
153
534
154
368
155
560
156
622
157
436
158
444
159
592
160
442
161
579
162
475
163
463
164
596
165
569
166
468
167
588
168
578
169
396
170
464
171
584
172
474
173
555
174
752
175
718
176
579
177
632
178
690
179
515
180
495
181
823
182
526
183
628
184
515
185
511
186
638
187
751
188
650
189
618
190
560
191
738
192
581
193
541
194
558
195
567
196
822
197
724
198
703
199
567
200
728
201
754
202
754
203
539
204
904
205
656
206
926
207
785
208
710
209
962
210
681
211
809
212
643
213
658
214
1110
215
754
216
587
217
903
218
637
219
709
220
812
221
765
222
802
223
741
224
1093
225
751
226
730
227
839
228
791
229
771
230
1033
231
813
232
823
233
1079
234
740
235
712
236
942
237
631
238
916
239
1041
240
709
241
746
242
680
243
835
244
937
245
1089
246
924
247
695
248
832
249
757
250
895
251
708
252
947
253
1140
254
708
255
777
256
819
257
859
258
871
259
1253
260
730
261
853
262
967
263
1017
264
873
265
792
266
1125
267
912
268
1065
269
1035
270
1010
271
1194
272
1011
273
815
274
820
275
778
276
815
277
905
278
1116
279
883
280
833
281
717
282
1115
283
873
284
1158
285
1045
286
1109
287
1047
288
822
289
913
290
1277
291
1322
292
1124
293
1201
294
1276
295
1459
296
1086
297
1456
298
1038
299
1062
300
798
301
748
302
1159
303
1041
304
1056
305
776
306
925
307
754
308
1434
309
1249
310
1135
311
913
312
1258
313
1210
314
1012
315
1162
316
1054
317
1008
318
1184
319
1409
320
1044
321
1535
322
1161
323
1053
324
1101
325
1102
326
894
327
1432
328
1171
329
957
330
967
331
1462
332
1341
333
1273
334
1357
335
1597
336
1313
337
1086
338
1222
339
1586
340
1524
341
1517
342
1309
343
1210
344
1624
345
1931
346
1492
347
1152
348
1074
349
1462
350
894
351
1174
352
1410
353
1285
354
1013
355
1594
356
1186
357
1294
358
1360
359
1260
360
1596
361
1155
362
1210
363
1344
364
1786
365
1309
366
1710
367
1234
368
1383
369
1204
370
1664
371
1012
372
1162
373
1314
374
1713
375
1362
376
1738
377
1331
378
1565
379
1308
380
1174
381
1308
382
1564
383
1198
384
1404
385
1204
386
1348
387
2054
388
1489
389
1432
390
1464
391
1464
392
1778
393
1589
394
1543
395
1237
396
1450
397
1523
398
1493
399
1383
400
1546
401
1726
402
1679
403
1269
404
1536
405
1552
406
1282
407
1795
408
1388
409
1235
410
1479
411
1357
412
1873
413
1560
414
1446
415
1573
416
1529
417
1788
418
1237
419
1727
420
1422
421
1287
422
1895
423
1327
424
1870
425
1728
426
1569
427
1418
428
1933
429
1336
430
1853
431
1534
432
1312
433
1644
434
1490
435
2060
436
1507
437
1703
438
1925
439
1764
440
1466
441
1425
442
1887
443
1987
444
1686
445
1741
446
1723
447
1457
448
1438
449
1654
450
1949
451
1535
452
1375
453
1785
454
1842
455
1598
456
1864
457
1713
458
1528
459
1636
460
1743
461
1597
462
1279
463
1651
464
1896
465
1562
466
1648
467
2277
468
1584
469
1659
470
1317
471
2174
472
1770
473
1837
474
1850
475
2066
476
1727
477
2178
478
1605
479
2437
480
2311
481
1795
482
2220
483
1486
484
1722
485
1931
486
2490
487
1807
488
1774
489
1490
490
1912
491
2481
492
1757
493
1648
494
1939
495
1693
496
1516
497
2028
498
1523
499
1569
500
2127
501
1613
502
1773
503
1965
504
1823
505
1955
506
1747
507
1821
508
2175
509
1681
510
1799
511
2070
512
2074
513
1606
514
2112
515
1799
516
1628
517
1793
518
2115
519
1926
520
1915
521
1927
522
1908
523
2103
524
1888
525
2351
526
1952
527
2017
528
2291
529
1718
530
1812
531
2294
532
2255
533
2004
534
1856
535
1842
536
2066
537
2177
538
1896
539
2600
540
2226
541
2112
542
1845
543
1955
544
2460
545
2115
546
2382
547
2005
548
2781
549
2300
550
2058
551
2025
552
1939
553
1691
554
2385
555
2319
556
1928
557
1901
558
2114
559
2088
560
2052
561
2541
562
2465
563
2092
564
2088
565
2029
566
2255
567
2466
568
1965
569
1687
570
3314
571
2307
572
1812
573
2329
574
2494
575
2370
576
3055
577
2440
578
2890
579
2121
580
2206
581
2127
582
2642
583
2134
584
2079
585
2334
586
2651
587
1775
588
2754
589
2415
590
1890
591
2892
592
1848
593
2636
594
2275
595
1836
596
2141
597
2360
598
2010
599
2991
600
2226
601
2286
602
2502
603
2090
604
2166
605
2269
606
2282
607
2190
608
2232
609
2399
610
3845
611
2744
612
2047
613
2456
614
2783
615
2729
616
2425
617
1965
618
2493
619
2310
620
1994
621
3137
622
2172
623
2658
624
3077
625
2625
626
2462
627
2491
628
2131
629
3121
630
2100
631
2218
632
2899
633
2275
634
2816
635
1923
636
1970
637
2346
638
2159
639
2551
640
2460
641
2201
642
2579
643
2311
644
2113
645
2665
646
2896
647
2487
648
1991
649
3211
650
2467
651
2471
652
2398
653
2933
654
3152
655
3121
656
2275
657
2549
658
2329
659
3050
660
2679
661
2715
662
2149
663
2509
664
2562
665
2412
666
2386
667
2722
668
2603
669
2562
670
2406
671
3420
672
4052
673
2543
674
2216
675
2113
676
2387
677
3713
678
2841
679
2807
680
2703
681
2543
682
2510
683
2222
684
2382
685
2758
686
2881
687
2521
688
2937
689
2621
690
2360
691
2626
692
2348
693
3879
694
2785
695
3543
696
2180
697
2852
698
2550
699
2186
700
2880
701
2675
702
2392
703
2472
704
2484
705
3327
706
2256
707
3376
708
2673
709
3445
710
2284
711
3245
712
2526
713
2716
714
3137
715
2568
716
3674
717
2607
718
2472
719
3259
720
4009
721
3592
722
2796
723
3030
724
2680
725
3161
726
2401
727
3299
728
2497
729
2872
730
2336
731
4434
732
2765
733
2253
734
3621
735
2338
736
2625
737
3302
738
2392
739
2723
740
2368
741
2530
742
3444
743
2979
744
3304
745
2640
746
2663
747
2666
748
3394
749
3023
750
3073
751
4892
752
3266
753
3025
754
2930
755
2688
756
2648
757
2958
758
2925
759
2712
760
2935
761
3270
762
3281
763
2927
764
2888
765
2475
766
3081
767
2282
768
3139
769
2679
770
3072
771
2776
772
3129
773
3090
774
4129
775
2787
776
2774
777
3139
778
3789
779
3009
780
3466
781
3369
782
3275
783
3191
784
3602
785
2492
786
3838
787
2985
788
2467
789
3090
790
3073
791
2779
792
2668
793
2907
794
3744
795
2896
796
3209
797
2795
798
3915
799
3099
800
3225
801
2943
802
2796
803
2274
804
3071
805
2816
806
4086
807
3755
808
3160
809
3153
810
3454
811
3098
812
3175
813
3194
814
2878
815
4017
816
2716
817
3062
818
2832
819
3569
820
3210
821
3291
822
3651
823
4034
824
3777
825
3312
826
3518
827
3679
828
3821
829
2922
830
3845
831
3539
832
3166
833
3265
834
3316
835
2684
836
3677
837
3406
838
3567
839
3238
840
3420
841
2431
842
4180
843
3490
844
3689
845
3140
846
2930
847
3170
848
3257
849
3372
850
3703
851
3631
852
4714
853
2856
854
2725
855
2898
856
3041
857
3539
858
3480
859
3018
860
3322
861
3549
862
2942
863
3452
864
3300
865
3687
866
3831
867
3615
868
3080
869
3329
870
2921
871
3738
872
3300
873
3561
874
3510
875
3474
876
3592
877
4094
878
3485
879
3052
880
4184
881
3551
882
3062
883
3151
884
3887
885
3411
886
3504
887
3683
888
2724
889
3306
890
3846
891
4013
892
3607
893
3338
894
4465
895
3267
896
4841
897
2737
898
3181
899
4108
900
4374
901
4375
902
3993
903
3246
904
2424
905
3500
906
2748
907
3504
908
3696
909
3377
910
2852
911
4643
912
4301
913
3481
914
4925
915
4027
916
3286
917
3164
918
3819
919
3396
920
3581
921
3120
922
3778
923
3456
924
3238
925
2893
926
3394
927
4717
928
3702
929
2914
930
3382
931
3771
932
3489
933
4025
934
4144
935
3900
936
3670
937
3588
938
3212
939
3841
940
4292
941
3522
942
3032
943
3770
944
3222
945
3439
946
3727
947
3752
948
3404
949
4456
950
3415
951
3880
952
4259
953
3696
954
3389
955
4303
956
3912
957
3972
958
3431
959
3598
960
2982
961
3541
962
4379
963
3003
964
3221
965
3088
966
4571
967
3616
968
3408
969
4723
970
3821
971
3529
972
3346
973
3586
974
3766
975
3619
976
4318
977
3024
978
3563
979
4078
980
3478
981
4291
982
3234
983
3230
984
4066
985
3240
986
3883
987
4796
988
3501
989
5336
990
3266
991
4023
992
3568
993
3902
994
3740
995
3743
996
4388
997
4164
998
3220
999
3930
