1
0
2
0
3
1
4
1
5
1
6
1
7
1
8
1
9
1
10
1
11
1
12
1
13
1
14
2
15
2
16
2
17
2
18
4
19
5
20
5
21
5
22
6
23
6
24
6
25
6
26
6
27
6
28
6
29
6
30
6
31
6
32
6
33
6
34
6
35
6
36
6
37
6
38
8
39
9
40
9
41
9
42
10
43
10
44
10
45
11
46
11
47
11
48
11
49
11
50
11
51
12
52
12
53
12
54
12
55
12
56
12
57
13
58
13
59
13
60
13
61
13
62
15
63
15
64
16
65
19
66
19
67
19
68
19
69
22
70
22
71
22
72
22
73
22
74
26
75
26
76
26
77
26
78
26
79
26
80
26
81
26
82
26
83
28
84
28
85
28
86
28
87
28
88
28
89
28
90
31
91
31
92
31
93
31
94
31
95
31
96
31
97
31
98
31
99
31
100
31
101
33
102
33
103
33
104
33
105
33
106
33
107
33
108
34
109
34
110
34
111
34
112
34
113
35
114
35
115
35
116
35
117
35
118
35
119
35
120
35
121
35
122
35
123
35
124
35
125
35
126
35
127
35
128
35
129
35
130
38
131
38
132
38
133
38
134
38
135
38
136
39
137
40
138
40
139
40
140
41
141
41
142
41
143
41
144
41
145
41
146
44
147
47
148
47
149
47
150
47
151
47
152
47
153
47
154
47
155
48
156
48
157
48
158
48
159
48
160
49
161
49
162
50
163
50
164
50
165
50
166
53
167
53
168
53
169
53
170
53
171
53
172
53
173
53
174
53
175
54
176
56
177
56
178
58
179
58
180
58
181
58
182
58
183
58
184
59
185
59
186
59
187
59
188
60
189
61
190
62
191
62
192
62
193
64
194
65
195
65
196
65
197
65
198
67
199
69
200
69
201
69
202
69
203
72
204
72
205
72
206
73
207
73
208
74
209
74
210
74
211
74
212
74
213
75
214
75
215
75
216
75
217
76
218
77
219
77
220
77
221
77
222
78
223
78
224
78
225
79
226
79
227
80
228
80
229
80
230
82
231
82
232
82
233
82
234
82
235
82
236
82
237
82
238
82
239
82
240
83
241
83
242
83
243
83
244
83
245
83
246
83
247
83
248
86
249
89
250
90
251
90
252
90
253
90
254
90
255
90
256
90
257
90
258
90
259
91
260
94
261
97
262
97
263
97
264
97
265
97
266
97
267
97
268
97
269
97
270
97
271
97
272
97
273
97
274
97
275
100
276
100
277
100
278
100
279
100
280
100
281
100
282
100
283
100
284
100
285
100
286
103
287
103
288
103
289
104
290
104
291
104
292
106
293
106
294
106
295
106
296
106
297
106
298
106
299
107
300
107
301
107
302
107
303
107
304
107
305
107
306
107
307
107
308
109
309
109
310
109
311
109
312
109
313
109
314
109
315
109
316
109
317
109
318
109
319
109
320
109
321
109
322
109
323
109
324
109
325
109
326
109
327
112
328
112
329
113
330
115
331
115
332
115
333
115
334
115
335
116
336
117
337
117
338
117
339
120
340
120
341
120
342
121
343
121
344
121
345
121
346
121
347
121
348
121
349
121
350
122
351
125
352
125
353
125
354
125
355
126
356
129
357
129
358
130
359
130
360
130
361
130
362
131
363
133
364
134
365
134
366
134
367
135
368
136
369
136
370
136
371
136
372
136
373
136
374
136
375
136
376
136
377
138
378
141
379
141
380
141
381
143
382
143
383
143
384
143
385
143
386
143
387
143
388
143
389
143
390
143
391
143
392
144
393
145
394
145
395
147
396
147
397
147
398
147
399
147
400
148
401
148
402
148
403
148
404
149
405
152
406
152
407
152
408
154
409
154
410
154
411
155
412
155
413
155
414
155
415
157
416
157
417
157
418
157
419
157
420
157
421
157
422
157
423
157
424
157
425
158
426
158
427
158
428
159
429
159
430
162
431
166
432
166
433
166
434
167
435
168
436
168
437
168
438
168
439
168
440
170
441
171
442
171
443
171
444
172
445
175
446
175
447
175
448
176
449
176
450
176
451
176
452
176
453
176
454
176
455
176
456
176
457
176
458
176
459
176
460
176
461
176
462
177
463
177
464
179
465
183
466
183
467
183
468
183
469
183
470
183
471
183
472
183
473
183
474
183
475
183
476
183
477
183
478
184
479
184
480
184
481
185
482
185
483
185
484
185
485
185
486
185
487
185
488
188
489
188
490
188
491
188
492
188
493
188
494
188
495
188
496
188
497
188
498
189
499
189
500
189
501
189
502
191
503
191
504
191
505
191
506
191
507
191
508
191
509
191
510
191
511
192
512
192
513
192
514
192
515
192
516
196
517
196
518
196
519
196
520
196
521
197
522
198
523
198
524
198
525
198
526
198
527
198
528
198
529
198
530
198
531
198
532
198
533
198
534
198
535
198
536
198
537
198
538
198
539
199
540
199
541
199
542
199
543
199
544
199
545
199
546
199
547
199
548
199
549
199
550
200
551
200
552
200
553
200
554
201
555
201
556
201
557
204
558
204
559
204
560
204
561
204
562
204
563
204
564
206
565
209
566
209
567
209
568
209
569
209
570
209
571
209
572
209
573
209
574
209
575
209
576
209
577
209
578
209
579
210
580
210
581
210
582
210
583
210
584
210
585
210
586
210
587
210
588
210
589
210
590
211
591
211
592
211
593
211
594
212
595
212
596
212
597
212
598
213
599
213
600
215
601
215
602
215
603
215
604
215
605
216
606
216
607
216
608
216
609
216
610
216
611
218
612
218
613
218
614
218
615
218
616
218
617
219
618
221
619
222
620
222
621
222
622
222
623
222
624
222
625
222
626
222
627
222
628
222
629
222
630
222
631
225
632
225
633
225
634
225
635
225
636
225
637
225
638
225
639
225
640
228
641
229
642
229
643
229
644
229
645
230
646
231
647
234
648
237
649
238
650
239
651
243
652
243
653
243
654
243
655
243
656
243
657
243
658
243
659
243
660
243
661
245
662
245
663
246
664
246
665
246
666
246
667
246
668
246
669
247
670
247
671
249
672
249
673
249
674
249
675
252
676
252
677
252
678
255
679
255
680
255
681
258
682
258
683
258
684
259
685
259
686
259
687
259
688
259
689
259
690
259
691
261
692
261
693
264
694
265
695
265
696
265
697
265
698
265
699
265
700
265
701
265
702
265
703
266
704
267
705
267
706
267
707
267
708
268
709
268
710
268
711
268
712
268
713
268
714
268
715
268
716
268
717
270
718
270
719
270
720
270
721
270
722
270
723
270
724
271
725
271
726
271
727
271
728
271
729
271
730
271
731
271
732
271
733
274
734
274
735
274
736
274
737
275
738
275
739
275
740
275
741
276
742
276
743
276
744
276
745
276
746
276
747
276
748
276
749
276
750
279
751
279
752
279
753
279
754
279
755
279
756
279
757
279
758
279
759
279
760
282
761
283
762
286
763
286
764
288
765
288
766
288
767
288
768
289
769
289
770
289
771
289
772
289
773
289
774
289
775
289
776
289
777
292
778
292
779
292
780
292
781
292
782
292
783
292
784
296
785
296
786
464
787
464
788
465
789
466
790
467
791
467
792
467
793
468
794
468
795
469
796
470
797
471
798
471
799
472
800
472
801
473
802
474
803
475
804
475
805
477
806
477
807
478
808
479
809
480
810
481
811
482
812
482
813
482
814
482
815
482
816
483
817
484
818
485
819
485
820
486
821
486
822
486
823
487
824
488
825
489
826
490
827
491
828
492
829
493
830
493
831
494
832
494
833
494
834
495
835
496
836
497
837
497
838
497
839
499
840
500
841
501
842
501
843
502
844
503
845
504
846
505
847
506
848
506
849
506
850
507
851
508
852
509
853
510
854
511
855
512
856
513
857
513
858
513
859
513
860
514
861
515
862
515
863
515
864
516
865
516
866
517
867
518
868
519
869
520
870
520
871
520
872
520
873
521
874
522
875
522
876
522
877
523
878
524
879
525
880
526
881
526
882
526
883
527
884
527
885
528
886
529
887
532
888
533
889
533
890
534
891
534
892
535
893
535
894
535
895
535
896
536
897
537
898
538
899
539
900
539
901
539
902
539
903
540
904
541
905
542
906
543
907
543
908
544
909
544
910
545
911
545
912
545
913
546
914
547
915
547
916
547
917
548
918
549
919
550
920
550
921
551
922
552
923
553
924
554
925
554
926
555
927
555
928
556
929
557
930
557
931
557
932
558
933
558
934
559
935
560
936
560
937
560
938
561
939
562
940
562
941
562
942
563
943
563
944
563
945
564
946
564
947
564
948
565
949
566
950
566
951
568
952
569
953
570
954
571
955
571
956
571
957
571
958
572
959
573
960
573
961
574
962
575
963
575
964
575
965
575
966
576
967
576
968
576
969
577
970
578
971
578
972
578
973
579
974
580
975
580
976
581
977
582
978
583
979
583
980
584
981
585
982
585
983
585
984
586
985
587
986
588
987
589
988
590
989
590
990
590
991
590
992
590
993
590
994
590
995
590
996
591
997
591
998
592
999
593
