1
1
2
1
3
1
4
1
5
1
6
2
7
2
8
1
9
1
10
2
11
2
12
3
13
3
14
3
15
3
16
4
17
3
18
4
19
4
20
4
21
5
22
4
23
5
24
6
25
6
26
6
27
7
28
7
29
7
30
8
31
8
32
9
33
10
34
11
35
11
36
12
37
13
38
12
39
13
40
14
41
14
42
15
43
16
44
16
45
16
46
17
47
19
48
19
49
20
50
21
51
22
52
23
53
24
54
24
55
25
56
25
57
27
58
26
59
28
60
29
61
30
62
29
63
31
64
32
65
33
66
33
67
34
68
35
69
37
70
37
71
38
72
40
73
41
74
43
75
43
76
43
77
45
78
47
79
48
80
49
81
51
82
51
83
53
84
54
85
56
86
57
87
59
88
61
89
61
90
63
91
64
92
65
93
67
94
69
95
69
96
72
97
73
98
75
99
76
100
75
101
77
102
79
103
81
104
82
105
86
106
85
107
94
108
87
109
88
110
87
111
89
112
88
113
92
114
92
115
93
116
95
117
93
118
97
119
98
120
100
121
98
122
102
123
104
124
106
125
106
126
107
127
109
128
111
129
112
130
115
131
115
132
116
133
115
134
119
135
119
136
121
137
124
138
128
139
139
140
131
141
129
142
132
143
129
144
130
145
134
146
134
147
136
148
137
149
145
150
141
151
142
152
144
153
147
154
149
155
150
156
153
157
154
158
168
159
157
160
164
161
165
162
160
163
207
164
164
165
169
166
167
167
163
168
168
169
173
170
175
171
175
172
177
173
173
174
177
175
180
176
178
177
180
178
183
179
161
180
154
181
154
182
157
183
161
184
219
185
165
186
163
187
164
188
167
189
168
190
170
191
171
192
173
193
177
194
179
195
176
196
181
197
179
198
182
199
187
200
187
201
190
202
195
203
194
204
206
205
197
206
199
207
198
208
201
209
202
210
203
211
207
212
208
213
212
214
210
215
214
216
216
217
218
218
251
219
227
220
225
221
223
222
244
223
238
224
230
225
275
226
237
227
249
228
250
229
247
230
358
231
321
232
249
233
292
234
288
235
299
236
258
237
262
238
265
239
270
240
279
241
274
242
297
243
280
244
280
245
280
246
280
247
297
248
303
249
290
250
291
251
292
252
326
253
297
254
301
255
299
256
303
257
306
258
312
259
312
260
314
261
326
262
317
263
318
264
323
265
323
266
327
267
331
268
335
269
337
270
336
271
340
272
348
273
361
274
349
275
359
276
362
277
361
278
368
279
364
280
434
281
379
282
366
283
381
284
370
285
375
286
377
287
376
288
384
289
380
290
412
291
385
292
407
293
422
294
394
295
394
296
399
297
401
298
403
299
405
300
412
301
424
302
425
303
417
304
422
305
424
306
424
307
432
308
434
309
439
310
441
311
462
312
445
313
449
314
492
315
455
316
484
317
527
318
463
319
473
320
470
321
475
322
476
323
477
324
477
325
482
326
486
327
498
328
491
329
497
330
502
331
506
332
505
333
509
334
545
335
521
336
518
337
523
338
526
339
531
340
534
341
536
342
551
343
545
344
545
345
548
346
562
347
553
348
559
349
577
350
563
351
564
352
572
353
571
354
579
355
584
356
593
357
587
358
591
359
593
360
594
361
596
362
614
363
600
364
606
365
614
366
613
367
615
368
618
369
632
370
647
371
628
372
630
373
633
374
651
375
645
376
640
377
646
378
654
379
653
380
657
381
700
382
666
383
673
384
677
385
678
386
677
387
692
388
688
389
687
390
692
391
697
392
709
393
754
394
710
395
710
396
712
397
722
398
746
399
723
400
728
401
734
402
739
403
759
404
740
405
748
406
754
407
754
408
783
409
759
410
764
411
770
412
775
413
782
414
784
415
785
416
789
417
797
418
808
419
805
420
806
421
810
422
816
423
823
424
820
425
821
426
822
427
827
428
835
429
832
430
838
431
837
432
841
433
844
434
847
435
854
436
859
437
865
438
864
439
867
440
870
441
880
442
880
443
883
444
903
445
1015
446
1001
447
900
448
906
449
909
450
928
451
917
452
922
453
924
454
936
455
932
456
929
457
952
458
979
459
949
460
948
461
955
462
958
463
956
464
962
465
966
466
976
467
975
468
984
469
982
470
1048
471
995
472
995
473
1020
474
1060
475
1003
476
1007
477
1032
478
1023
479
1021
480
1027
481
1030
482
1037
483
1049
484
1043
485
1045
486
1083
487
1050
488
1058
489
1074
490
1069
491
1078
492
1077
493
1109
494
1085
495
1091
496
1091
497
1115
498
1108
499
1108
500
1120
501
1115
502
1120
503
1125
504
1138
505
1133
506
1134
507
1167
508
1170
509
1155
510
1161
511
1162
512
1166
513
1175
514
1179
515
1186
516
1183
517
1216
518
1195
519
1203
520
1212
521
1239
522
1211
523
1216
524
1229
525
1257
526
1274
527
1243
528
1237
529
1245
530
1256
531
1252
532
1271
533
1264
534
1262
535
1267
536
1278
537
1272
538
1281
539
1295
540
1287
541
1293
542
1318
543
1303
544
1316
545
1322
546
1319
547
1318
548
1362
549
1326
550
1332
551
1342
552
1338
553
1349
554
1354
555
1359
556
1364
557
1370
558
1367
559
1376
560
1382
561
1383
562
1387
563
1433
564
1418
565
1414
566
1427
567
1418
568
1427
569
1430
570
1432
571
1443
572
1437
573
1450
574
1459
575
1450
576
1462
577
1464
578
1464
579
1476
580
1472
581
1477
582
1490
583
1489
584
1497
585
1504
586
1511
587
1527
588
1559
589
1563
590
1557
591
1561
592
1603
593
1569
594
1592
595
1593
596
1594
597
1637
598
1595
599
1617
600
1614
601
1627
602
1621
603
1636
604
1640
605
1638
606
1647
607
1642
608
1656
609
1695
610
1669
611
1675
612
1673
613
1688
614
1758
615
1685
616
1694
617
1699
618
1716
619
1715
620
1722
621
1726
622
1735
623
1743
624
1737
625
1758
626
1752
627
1759
628
1763
629
1767
630
1829
631
1785
632
1781
633
1783
634
1794
635
1804
636
1811
637
1807
638
1821
639
1823
640
1837
641
1836
642
1915
643
1843
644
1861
645
1861
646
1862
647
1864
648
1878
649
1883
650
1884
651
1895
652
1898
653
1901
654
1912
655
1916
656
1922
657
1928
658
1921
659
1937
660
1941
661
1941
662
1955
663
1963
664
1964
665
2008
666
1963
667
1979
668
1981
669
1990
670
2068
671
2002
672
2006
673
2020
674
2022
675
2106
676
2035
677
2037
678
2043
679
2045
680
2094
681
2057
682
2066
683
2071
684
2078
685
2079
686
2099
687
2084
688
2094
689
2101
690
2114
691
2110
692
2129
693
2120
694
2139
695
2138
696
2140
697
2150
698
2140
699
2155
700
2154
701
2183
702
2173
703
2176
704
2204
705
2207
706
2196
707
2196
708
2202
709
2223
710
2226
711
2234
712
2230
713
2246
714
2238
715
2258
716
2259
717
2268
718
2325
719
2277
720
2378
721
2289
722
2376
723
2311
724
2310
725
2340
726
2329
727
2371
728
2341
729
2342
730
2678
731
2441
732
2502
733
2453
734
2394
735
2393
736
2395
737
2421
738
2447
739
2413
740
2409
741
2416
742
2419
743
2536
744
2471
745
2466
746
2451
747
2455
748
2471
749
2482
750
2552
751
2494
752
2523
753
2491
754
2501
755
2508
756
2514
757
2514
758
2517
759
2535
760
2534
761
2597
762
2550
763
2551
764
2557
765
2564
766
2568
767
2569
768
2577
769
2596
770
2596
771
2605
772
2617
773
2614
774
2620
775
2636
776
2630
777
2646
778
2647
779
2654
780
2671
781
2675
782
2675
783
2676
784
2686
785
2691
786
2723
787
2718
788
2704
789
2724
790
2748
791
2747
792
2759
793
2770
794
2775
795
2773
796
2792
797
2809
798
2797
799
2810
800
2818
801
2815
802
2818
803
2831
804
2906
805
2851
806
2857
807
2973
808
2873
809
2864
810
2878
811
2902
812
2928
813
2895
814
2895
815
2903
816
2916
817
2911
818
2952
819
2950
820
2942
821
2949
822
2967
823
2984
824
2988
825
2978
826
2985
827
3003
828
2997
829
3013
830
3012
831
3016
832
3026
833
3032
834
3043
835
3046
836
3064
837
3064
838
3166
839
3084
840
3073
841
3115
842
3086
843
3097
844
3107
845
3138
846
3119
847
3120
848
3138
849
3276
850
3171
851
3167
852
3294
853
3172
854
3181
855
3184
856
3196
857
3205
858
3203
859
3213
860
3212
861
3235
862
3237
863
3231
864
3245
865
3264
866
3386
867
3271
868
3286
869
3282
870
3309
871
3307
872
3313
873
3311
874
3378
875
3338
876
3335
877
3342
878
3353
879
3343
880
3363
881
3374
882
3379
883
3472
884
3386
885
3435
886
3409
887
3432
888
3421
889
3430
890
3545
891
3447
892
3530
893
3595
894
3473
895
3494
896
3494
897
3499
898
3504
899
3510
900
3595
901
3540
902
3540
903
3542
904
3558
905
3571
906
3685
907
3588
908
3586
909
3599
910
3597
911
3605
912
3615
913
3639
914
3672
915
3650
916
3653
917
3780
918
3665
919
3678
920
3718
921
3688
922
3682
923
3698
924
3721
925
3751
926
3799
927
3929
928
3859
929
3762
930
3798
931
4069
932
3876
933
3813
934
3781
935
3855
936
3787
937
3807
938
3837
939
3840
940
3833
941
3825
942
3878
943
3872
944
3859
945
3859
946
3935
947
3873
948
3876
949
3907
950
3898
951
3895
952
3902
953
3919
954
3937
955
3948
956
3970
957
3973
958
3967
959
3967
960
4049
961
3984
962
4061
963
4010
964
4010
965
4028
966
4054
967
4032
968
4048
969
4128
970
4072
971
4070
972
4098
973
4097
974
4107
975
4155
976
4122
977
4182
978
4161
979
4143
980
4161
981
4157
982
4181
983
4175
984
4187
985
4263
986
4239
987
4213
988
4218
989
4364
990
4230
991
4234
992
4282
993
4246
994
4258
995
4262
996
4274
997
4296
998
4292
999
4305
