1
1
2
1
3
1
4
1
5
1
6
1
7
1
8
1
9
1
10
1
11
1
12
1
13
1
14
1
15
2
16
3
17
2
18
2
19
2
20
2
21
4
22
3
23
2
24
3
25
4
26
4
27
3
28
3
29
5
30
4
31
4
32
6
33
6
34
4
35
4
36
4
37
8
38
10
39
5
40
9
41
5
42
8
43
7
44
12
45
5
46
15
47
12
48
11
49
7
50
7
51
24
52
9
53
10
54
9
55
8
56
17
57
13
58
18
59
9
60
10
61
11
62
14
63
10
64
20
65
10
66
16
67
11
68
11
69
17
70
28
71
13
72
32
73
18
74
24
75
29
76
13
77
24
78
23
79
15
80
15
81
38
82
16
83
19
84
18
85
16
86
17
87
45
88
18
89
18
90
19
91
25
92
18
93
19
94
20
95
20
96
26
97
25
98
26
99
47
100
33
101
27
102
24
103
36
104
24
105
29
106
29
107
29
108
30
109
31
110
31
111
32
112
32
113
32
114
36
115
33
116
34
117
35
118
35
119
36
120
37
121
38
122
38
123
39
124
39
125
39
126
41
127
41
128
41
129
42
130
43
131
43
132
44
133
44
134
45
135
46
136
57
137
47
138
48
139
49
140
50
141
50
142
50
143
51
144
51
145
52
146
53
147
54
148
54
149
56
150
56
151
57
152
57
153
57
154
59
155
59
156
60
157
60
158
61
159
62
160
63
161
64
162
65
163
65
164
66
165
67
166
69
167
68
168
69
169
70
170
73
171
74
172
74
173
75
174
74
175
74
176
76
177
77
178
77
179
83
180
79
181
80
182
81
183
80
184
82
185
82
186
83
187
97
188
91
189
90
190
90
191
93
192
92
193
94
194
94
195
92
196
97
197
96
198
100
199
97
200
99
201
98
202
97
203
98
204
101
205
100
206
101
207
103
208
105
209
110
210
108
211
110
212
107
213
108
214
110
215
112
216
113
217
118
218
118
219
124
220
121
221
118
222
117
223
118
224
121
225
123
226
124
227
127
228
124
229
125
230
128
231
128
232
130
233
126
234
129
235
131
236
131
237
131
238
132
239
132
240
133
241
135
242
135
243
136
244
138
245
139
246
150
247
141
248
142
249
144
250
145
251
145
252
147
253
147
254
151
255
152
256
151
257
154
258
154
259
155
260
156
261
157
262
159
263
159
264
160
265
162
266
163
267
164
268
165
269
166
270
173
271
180
272
170
273
171
274
173
275
174
276
175
277
176
278
177
279
178
280
181
281
182
282
184
283
187
284
188
285
191
286
193
287
198
288
196
289
201
290
198
291
200
292
198
293
201
294
200
295
201
296
204
297
204
298
206
299
209
300
209
301
213
302
213
303
219
304
216
305
221
306
220
307
218
308
220
309
221
310
221
311
222
312
220
313
222
314
224
315
226
316
228
317
228
318
230
319
231
320
232
321
233
322
235
323
250
324
238
325
239
326
249
327
251
328
245
329
246
330
249
331
248
332
250
333
250
334
252
335
254
336
255
337
257
338
258
339
260
340
260
341
262
342
264
343
266
344
267
345
268
346
270
347
273
348
276
349
280
350
283
351
295
352
287
353
288
354
294
355
287
356
296
357
295
358
290
359
292
360
297
361
303
362
308
363
317
364
301
365
306
366
309
367
306
368
309
369
307
370
309
371
310
372
311
373
315
374
320
375
317
376
321
377
320
378
321
379
323
380
325
381
326
382
329
383
330
384
332
385
333
386
335
387
344
388
338
389
340
390
342
391
344
392
344
393
347
394
348
395
351
396
354
397
355
398
364
399
364
400
373
401
368
402
381
403
368
404
368
405
371
406
374
407
377
408
400
409
383
410
381
411
391
412
388
413
388
414
389
415
391
416
395
417
402
418
394
419
394
420
397
421
401
422
402
423
405
424
406
425
406
426
407
427
423
428
411
429
414
430
414
431
417
432
419
433
420
434
422
435
424
436
439
437
433
438
439
439
450
440
442
441
447
442
439
443
441
444
452
445
444
446
446
447
449
448
452
449
453
450
455
451
458
452
461
453
477
454
463
455
465
456
474
457
477
458
473
459
478
460
475
461
489
462
481
463
486
464
489
465
496
466
494
467
490
468
501
469
491
470
496
471
501
472
507
473
510
474
509
475
504
476
516
477
510
478
513
479
524
480
514
481
517
482
519
483
530
484
524
485
525
486
527
487
530
488
533
489
535
490
535
491
545
492
541
493
542
494
546
495
546
496
549
497
550
498
561
499
556
500
588
501
561
502
564
503
565
504
574
505
571
506
580
507
596
508
605
509
626
510
580
511
591
512
586
513
589
514
590
515
592
516
625
517
616
518
599
519
601
520
602
521
604
522
608
523
610
524
613
525
614
526
617
527
618
528
621
529
624
530
635
531
628
532
631
533
633
534
635
535
638
536
645
537
642
538
645
539
646
540
649
541
651
542
661
543
657
544
663
545
661
546
664
547
666
548
676
549
670
550
670
551
673
552
675
553
684
554
680
555
682
556
685
557
687
558
691
559
699
560
695
561
697
562
700
563
703
564
704
565
714
566
711
567
711
568
714
569
718
570
728
571
727
572
727
573
730
574
732
575
744
576
736
577
738
578
741
579
745
580
744
581
752
582
752
583
754
584
755
585
760
586
765
587
762
588
765
589
768
590
771
591
779
592
776
593
779
594
782
595
786
596
790
597
790
598
793
599
794
600
798
601
804
602
803
603
806
604
808
605
814
606
813
607
816
608
819
609
822
610
832
611
827
612
830
613
831
614
836
615
842
616
840
617
842
618
847
619
854
620
851
621
854
622
856
623
860
624
865
625
864
626
868
627
870
628
873
629
880
630
878
631
886
632
885
633
891
634
891
635
893
636
894
637
902
638
901
639
903
640
906
641
910
642
916
643
916
644
918
645
921
646
927
647
925
648
931
649
932
650
938
651
942
652
940
653
943
654
951
655
949
656
950
657
954
658
961
659
960
660
963
661
964
662
972
663
970
664
973
665
976
666
984
667
983
668
986
669
988
670
997
671
995
672
997
673
1001
674
1011
675
1005
676
1009
677
1012
678
1020
679
1018
680
1021
681
1024
682
1034
683
1029
684
1032
685
1036
686
1044
687
1041
688
1045
689
1052
690
1051
691
1055
692
1057
693
1064
694
1063
695
1067
696
1069
697
1078
698
1076
699
1079
700
1086
701
1085
702
1087
703
1090
704
1099
705
1097
706
1100
707
1104
708
1109
709
1109
710
1113
711
1121
712
1119
713
1122
714
1125
715
1134
716
1136
717
1134
718
1140
719
1142
720
1145
721
1152
722
1151
723
1153
724
1157
725
1164
726
1163
727
1166
728
1174
729
1173
730
1176
731
1179
732
1185
733
1187
734
1199
735
1207
736
1197
737
1198
738
1208
739
1206
740
1208
741
1217
742
1214
743
1218
744
1231
745
1223
746
1228
747
1232
748
1239
749
1239
750
1240
751
1253
752
1248
753
1251
754
1259
755
1257
756
1260
757
1272
758
1267
759
1269
760
1279
761
1278
762
1279
763
1286
764
1288
765
1290
766
1300
767
1297
768
1299
769
1307
770
1307
771
1312
772
1316
773
1318
774
1322
775
1331
776
1328
777
1330
778
1339
779
1337
780
1339
781
1348
782
1350
783
1353
784
1364
785
1354
786
1359
787
1368
788
1364
789
1369
790
1378
791
1376
792
1380
793
1388
794
1388
795
1394
796
1393
797
1397
798
1405
799
1405
800
1409
801
1413
802
1421
803
1418
804
1424
805
1424
806
1429
807
1432
808
1437
809
1443
810
1444
811
1447
812
1459
813
1454
814
1456
815
1464
816
1464
817
1473
818
1471
819
1473
820
1482
821
1480
822
1485
823
1491
824
1491
825
1500
826
1499
827
1502
828
1510
829
1510
830
1516
831
1517
832
1522
833
1531
834
1529
835
1530
836
1541
837
1539
838
1547
839
1543
840
1547
841
1554
842
1554
843
1561
844
1561
845
1565
846
1575
847
1574
848
1580
849
1581
850
1582
851
1591
852
1593
853
1600
854
1597
855
1602
856
1612
857
1609
858
1618
859
1618
860
1622
861
1628
862
1628
863
1637
864
1638
865
1647
866
1643
867
1648
868
1655
869
1655
870
1665
871
1663
872
1674
873
1672
874
1679
875
1684
876
1683
877
1691
878
870
879
870
880
869
881
874
882
870
883
871
884
874
885
874
886
879
887
877
888
879
889
882
890
889
891
888
892
890
893
890
894
897
895
894
896
898
897
899
898
902
899
909
900
909
901
909
902
912
903
923
904
915
905
918
906
921
907
926
908
927
909
929
910
931
911
938
912
936
913
936
914
939
915
940
916
942
917
944
918
945
919
949
920
954
921
952
922
955
923
956
924
962
925
960
926
959
927
961
928
968
929
965
930
965
931
966
932
971
933
970
934
973
935
975
936
985
937
980
938
983
939
986
940
992
941
989
942
993
943
995
944
1005
945
1002
946
1000
947
1005
948
1005
949
1007
950
1011
951
1017
952
1016
953
1015
954
1017
955
1021
956
1018
957
1023
958
1024
959
1031
960
1030
961
1033
962
1034
963
1044
964
1042
965
1045
966
1051
967
1048
968
1051
969
1054
970
1061
971
1057
972
1058
973
1060
974
1063
975
1063
976
1064
977
1072
978
1067
979
1072
980
1075
981
1081
982
1078
983
1083
984
1101
985
1126
986
1103
987
1156
988
1121
989
1102
990
1101
991
1104
992
1116
993
1106
994
1117
995
1137
996
1116
997
1118
998
1130
999
1119
