1
0
2
1
3
2
4
4
5
4
6
5
7
11
8
10
9
14
10
15
11
19
12
21
13
21
14
17
15
20
16
22
17
43
18
26
19
45
20
50
21
30
22
49
23
43
24
44
25
71
26
88
27
54
28
45
29
75
30
79
31
68
32
77
33
88
34
76
35
72
36
99
37
85
38
117
39
91
40
121
41
101
42
108
43
116
44
114
45
146
46
134
47
126
48
170
49
128
50
163
51
106
52
146
53
125
54
140
55
112
56
161
57
175
58
174
59
201
60
215
61
197
62
161
63
165
64
194
65
202
66
217
67
258
68
238
69
191
70
231
71
234
72
265
73
253
74
340
75
200
76
271
77
280
78
272
79
243
80
233
81
281
82
223
83
244
84
356
85
225
86
322
87
279
88
260
89
286
90
237
91
303
92
364
93
322
94
279
95
353
96
384
97
337
98
292
99
313
100
292
101
347
102
294
103
340
104
333
105
392
106
353
107
400
108
355
109
385
110
362
111
374
112
468
113
337
114
377
115
317
116
464
117
408
118
415
119
421
120
377
121
391
122
557
123
456
124
496
125
575
126
509
127
406
128
553
129
493
130
473
131
465
132
467
133
513
134
461
135
568
136
432
137
436
138
585
139
463
140
534
141
577
142
388
143
647
144
520
145
464
146
448
147
464
148
477
149
604
150
541
151
581
152
569
153
599
154
544
155
500
156
613
157
665
158
557
159
647
160
653
161
806
162
718
163
679
164
560
165
651
166
577
167
748
168
789
169
577
170
668
171
788
172
808
173
612
174
1119
175
696
176
774
177
808
178
561
179
682
180
808
181
616
182
709
183
609
184
683
185
818
186
825
187
882
188
805
189
689
190
759
191
718
192
586
193
765
194
711
195
937
196
1036
197
783
198
910
199
1037
200
754
201
728
202
733
203
935
204
867
205
1001
206
1034
207
776
208
900
209
869
210
764
211
812
212
879
213
796
214
726
215
964
216
820
217
978
218
909
219
938
220
900
221
920
222
958
223
970
224
832
225
813
226
1068
227
906
228
918
229
1186
230
1100
231
848
232
821
233
913
234
960
235
981
236
978
237
813
238
873
239
950
240
1135
241
920
242
1071
243
1060
244
900
245
1062
246
1157
247
979
248
1058
249
1018
250
1050
251
1197
252
1099
253
886
254
1280
255
1083
256
1000
257
994
258
1248
259
1099
260
1032
261
1198
262
985
263
1061
264
1200
265
956
266
941
267
1325
268
1313
269
1454
270
1310
271
1428
272
1127
273
1203
274
1136
275
1023
276
1091
277
1145
278
1281
279
1473
280
1190
281
918
282
1183
283
1222
284
1046
285
1093
286
1220
287
1406
288
1536
289
1339
290
1385
291
1207
292
1297
293
1302
294
1313
295
1473
296
1119
297
1263
298
1232
299
1747
300
1282
301
1223
302
1248
303
1132
304
1277
305
1041
306
1286
307
1209
308
1778
309
1252
310
1384
311
1333
312
1190
313
1035
314
1441
315
1400
316
1489
317
1432
318
1216
319
1333
320
1397
321
1467
322
1186
323
1397
324
1226
325
1693
326
1468
327
1273
328
1668
329
1413
330
1639
331
1628
332
1426
333
1260
334
1533
335
1636
336
1585
337
1511
338
1663
339
1241
340
1739
341
1495
342
1281
343
1529
344
1224
345
1553
346
1562
347
1376
348
1709
349
1238
350
1465
351
1910
352
1463
353
2167
354
1558
355
1454
356
1578
357
1525
358
1869
359
1849
360
1682
361
1524
362
1452
363
1671
364
1304
365
1590
366
1847
367
1388
368
1805
369
1465
370
1737
371
1779
372
1406
373
1756
374
1382
375
2046
376
2130
377
1689
378
1825
379
1578
380
1855
381
1748
382
1832
383
1528
384
1768
385
1473
386
1725
387
1735
388
1800
389
1912
390
1859
391
1848
392
1540
393
1745
394
1602
395
1849
396
1859
397
1846
398
1939
399
1917
400
1758
401
1963
402
2081
403
1762
404
1628
405
2310
406
2060
407
2035
408
1789
409
1890
410
1854
411
1986
412
1531
413
2043
414
1824
415
1738
416
1739
417
1744
418
2110
419
2054
420
2174
421
2248
422
1665
423
1673
424
2166
425
2003
426
1961
427
2574
428
1703
429
2755
430
1735
431
2076
432
2099
433
2166
434
1721
435
1859
436
1894
437
2353
438
2603
439
1898
440
2234
441
1969
442
1916
443
1878
444
2290
445
2119
446
2422
447
1984
448
2104
449
2922
450
2299
451
1834
452
2276
453
2147
454
1940
455
2068
456
2211
457
1754
458
2192
459
2203
460
1938
461
2115
462
2173
463
2423
464
2133
465
2238
466
2081
467
1953
468
2659
469
2234
470
2012
471
2362
472
1931
473
2128
474
2312
475
1946
476
2221
477
1921
478
1982
479
2035
480
2150
481
2023
482
2217
483
2145
484
2424
485
1907
486
2167
487
2827
488
1868
489
2028
490
2467
491
2045
492
2035
493
2185
494
2373
495
1955
496
2399
497
2193
498
2429
499
2124
500
2388
501
2677
502
2142
503
2401
504
2151
505
2633
506
2238
507
2421
508
2395
509
2355
510
2434
511
2113
512
2082
513
2366
514
2118
515
2683
516
3022
517
2761
518
2265
519
2313
520
2711
521
3128
522
2550
523
2208
524
2551
525
2422
526
2581
527
2400
528
2071
529
2831
530
2531
531
2892
532
2473
533
2510
534
2249
535
2329
536
2713
537
2904
538
2583
539
3448
540
2708
541
2779
542
2187
543
2349
544
2867
545
2678
546
2331
547
2585
548
2514
549
2960
550
2950
551
2750
552
2405
553
2328
554
2227
555
2606
556
2702
557
2473
558
3236
559
2436
560
2393
561
2362
562
3209
563
3263
564
2473
565
2238
566
2139
567
2385
568
2409
569
3043
570
2573
571
3113
572
2845
573
2522
574
2466
575
2743
576
2689
577
3259
578
3841
579
3298
580
2370
581
2384
582
2500
583
2906
584
3303
585
3193
586
3260
587
2982
588
2845
589
2637
590
2782
591
2941
592
2371
593
2822
594
3466
595
2831
596
3189
597
2425
598
2989
599
2362
600
2468
601
2365
602
3023
603
2998
604
3185
605
2679
606
2817
607
2409
608
3244
609
2983
610
2471
611
2675
612
3496
613
3155
614
2848
615
3370
616
3221
617
2846
618
2525
619
2439
620
2931
621
2666
622
3424
623
3084
624
3290
625
3422
626
2694
627
3227
628
2787
629
2573
630
2953
631
2622
632
3063
633
3459
634
2742
635
2956
636
2905
637
3352
638
3613
639
3031
640
2846
641
3251
642
2672
643
2477
644
2969
645
3285
646
4152
647
3364
648
2922
649
3482
650
3215
651
4227
652
4052
653
2938
654
3950
655
3158
656
3604
657
2904
658
2831
659
3205
660
2993
661
3766
662
3869
663
2793
664
3256
665
3405
666
3198
667
3182
668
3286
669
3077
670
3033
671
2853
672
3680
673
2918
674
3620
675
3823
676
3977
677
3480
678
3274
679
2817
680
3320
681
3559
682
3433
683
3234
684
3594
685
3081
686
3398
687
3077
688
4309
689
3146
690
2908
691
3896
692
3986
693
3050
694
3186
695
3306
696
2748
697
3569
698
2874
699
3065
700
2804
701
3674
702
3326
703
3282
704
3360
705
3567
706
3651
707
2796
708
3255
709
3525
710
3613
711
3540
712
3343
713
3181
714
3922
715
3854
716
3244
717
3471
718
3273
719
3024
720
3566
721
3108
722
3438
723
4217
724
3158
725
4202
726
3039
727
3218
728
3105
729
3288
730
3520
731
4227
732
3624
733
3376
734
3071
735
3490
736
4122
737
3405
738
3952
739
3770
740
3080
741
3634
742
4752
743
4536
744
3373
745
3485
746
4450
747
3125
748
3556
749
3651
750
3773
751
4222
752
3872
753
5018
754
3434
755
3405
756
3709
757
3390
758
3167
759
4520
760
3469
761
3795
762
3557
763
3605
764
4377
765
4185
766
3886
767
3758
768
3647
769
3395
770
3223
771
3384
772
3675
773
3263
774
4097
775
4147
776
3243
777
3093
778
4712
779
3807
780
3148
781
3236
782
3866
783
3567
784
3658
785
3530
786
4255
787
3734
788
3908
789
3799
790
3969
791
3499
792
3431
793
3451
794
4704
795
4213
796
3893
797
4219
798
4155
799
4118
800
3939
801
4236
802
3390
803
3318
804
4779
805
3921
806
4137
807
4230
808
3060
809
3883
810
3499
811
3874
812
4156
813
4375
814
3917
815
3680
816
3921
817
4507
818
3827
819
3792
820
4288
821
3565
822
4538
823
4846
824
3724
825
3883
826
3614
827
3894
828
4854
829
5460
830
4439
831
3724
832
4538
833
5507
834
4333
835
3914
836
4159
837
5078
838
3768
839
3848
840
4288
841
4515
842
3504
843
4567
844
4084
845
3588
846
4388
847
4502
848
3754
849
3858
850
4808
851
5463
852
4711
853
3597
854
4115
855
4082
856
3968
857
3542
858
5097
859
3953
860
4067
861
3855
862
3780
863
4166
864
4070
865
4147
866
4595
867
4390
868
4033
869
4105
870
3918
871
3679
872
3725
873
3898
874
3576
875
3780
876
3925
877
3656
878
4164
879
3574
880
4253
881
5055
882
3438
883
3982
884
3955
885
4078
886
4203
887
5474
888
5243
889
3498
890
4015
891
4558
892
4221
893
3952
894
4208
895
4080
896
6929
897
4846
898
3848
899
4103
900
5478
901
4420
902
4077
903
4782
904
4109
905
4235
906
4023
907
4964
908
4757
909
4528
910
3695
911
4202
912
4531
913
4221
914
3952
915
4583
916
4912
917
4628
918
4466
919
4682
920
3701
921
4418
922
4236
923
4177
924
4209
925
4073
926
5147
927
5062
928
4847
929
4431
930
4813
931
5026
932
4040
933
4029
934
4158
935
5495
936
3849
937
5342
938
4091
939
5055
940
5527
941
4746
942
4565
943
4536
944
4400
945
4548
946
4334
947
4552
948
4837
949
4441
950
4760
951
4533
952
4571
953
3970
954
3686
955
5131
956
5692
957
5855
958
6365
959
4195
960
5315
961
5455
962
4729
963
4407
964
5571
965
4156
966
4199
967
4402
968
5374
969
5334
970
4781
971
5066
972
4252
973
5172
974
4711
975
5203
976
5059
977
4483
978
4333
979
4746
980
5067
981
4255
982
5530
983
3946
984
4274
985
5095
986
4432
987
4313
988
4949
989
4933
990
4922
991
5147
992
5356
993
5126
994
4964
995
3992
996
4765
997
5930
998
5197
999
5569
