1
1
2
0
3
1
4
1
5
1
6
1
7
1
8
1
9
1
10
1
11
1
12
1
13
1
14
2
15
2
16
2
17
2
18
2
19
3
20
2
21
3
22
3
23
2
24
3
25
3
26
3
27
3
28
3
29
3
30
4
31
4
32
4
33
4
34
4
35
4
36
5
37
5
38
5
39
5
40
5
41
5
42
5
43
5
44
6
45
6
46
6
47
7
48
6
49
6
50
6
51
7
52
6
53
7
54
7
55
7
56
8
57
7
58
7
59
7
60
7
61
8
62
8
63
8
64
8
65
8
66
9
67
9
68
9
69
9
70
10
71
10
72
10
73
10
74
9
75
10
76
10
77
11
78
10
79
11
80
11
81
10
82
13
83
11
84
11
85
12
86
11
87
12
88
12
89
12
90
12
91
12
92
13
93
12
94
13
95
14
96
13
97
14
98
14
99
15
100
14
101
13
102
14
103
15
104
15
105
15
106
16
107
15
108
15
109
15
110
15
111
17
112
15
113
15
114
16
115
16
116
17
117
16
118
17
119
16
120
18
121
17
122
18
123
21
124
22
125
20
126
17
127
20
128
19
129
19
130
19
131
19
132
19
133
20
134
23
135
21
136
22
137
20
138
20
139
27
140
22
141
20
142
21
143
23
144
22
145
22
146
22
147
23
148
23
149
22
150
21
151
23
152
25
153
25
154
24
155
25
156
24
157
25
158
22
159
25
160
26
161
24
162
25
163
25
164
25
165
25
166
26
167
25
168
26
169
24
170
27
171
27
172
28
173
27
174
27
175
26
176
28
177
27
178
28
179
29
180
29
181
32
182
29
183
30
184
34
185
29
186
31
187
30
188
30
189
44
190
34
191
30
192
31
193
30
194
31
195
31
196
31
197
32
198
32
199
31
200
32
201
32
202
33
203
32
204
32
205
34
206
36
207
34
208
34
209
35
210
35
211
33
212
34
213
35
214
34
215
34
216
34
217
35
218
36
219
35
220
34
221
36
222
36
223
36
224
37
225
38
226
35
227
38
228
40
229
37
230
37
231
37
232
38
233
39
234
40
235
41
236
41
237
52
238
45
239
41
240
40
241
37
242
41
243
40
244
40
245
40
246
40
247
42
248
42
249
40
250
41
251
42
252
42
253
41
254
41
255
42
256
43
257
41
258
43
259
42
260
41
261
44
262
42
263
43
264
43
265
46
266
45
267
45
268
44
269
45
270
45
271
46
272
48
273
46
274
48
275
46
276
46
277
47
278
47
279
48
280
56
281
54
282
47
283
50
284
49
285
47
286
51
287
48
288
76
289
49
290
49
291
48
292
51
293
56
294
61
295
52
296
54
297
50
298
51
299
50
300
61
301
56
302
59
303
67
304
61
305
67
306
62
307
64
308
68
309
66
310
63
311
53
312
62
313
70
314
70
315
63
316
55
317
54
318
60
319
70
320
74
321
62
322
66
323
68
324
66
325
68
326
60
327
55
328
87
329
62
330
57
331
56
332
59
333
66
334
67
335
64
336
63
337
64
338
71
339
59
340
59
341
60
342
60
343
59
344
59
345
62
346
60
347
63
348
65
349
60
350
62
351
61
352
63
353
62
354
65
355
64
356
62
357
64
358
65
359
65
360
63
361
66
362
62
363
63
364
63
365
64
366
66
367
65
368
72
369
68
370
67
371
67
372
64
373
66
374
63
375
69
376
65
377
66
378
70
379
64
380
64
381
63
382
66
383
65
384
68
385
67
386
67
387
67
388
75
389
83
390
68
391
67
392
68
393
69
394
69
395
70
396
72
397
68
398
72
399
73
400
69
401
68
402
73
403
76
404
71
405
71
406
72
407
73
408
69
409
68
410
73
411
78
412
70
413
73
414
73
415
79
416
72
417
73
418
75
419
77
420
80
421
78
422
77
423
72
424
83
425
77
426
75
427
76
428
74
429
75
430
74
431
92
432
73
433
77
434
78
435
75
436
76
437
76
438
81
439
79
440
75
441
79
442
77
443
82
444
79
445
77
446
83
447
79
448
81
449
78
450
81
451
78
452
79
453
82
454
78
455
82
456
79
457
81
458
82
459
84
460
82
461
81
462
81
463
81
464
81
465
90
466
86
467
109
468
89
469
104
470
100
471
107
472
96
473
80
474
83
475
84
476
96
477
94
478
97
479
100
480
87
481
104
482
110
483
112
484
103
485
95
486
92
487
94
488
87
489
88
490
92
491
98
492
99
493
88
494
91
495
108
496
88
497
90
498
88
499
92
500
88
501
89
502
106
503
91
504
91
505
89
506
95
507
119
508
118
509
120
510
112
511
117
512
112
513
117
514
111
515
119
516
115
517
110
518
114
519
110
520
112
521
113
522
125
523
113
524
109
525
115
526
118
527
115
528
116
529
111
530
128
531
115
532
126
533
124
534
135
535
112
536
113
537
115
538
114
539
117
540
122
541
117
542
120
543
116
544
114
545
123
546
118
547
114
548
116
549
118
550
120
551
119
552
118
553
120
554
119
555
122
556
136
557
116
558
119
559
116
560
114
561
121
562
121
563
118
564
120
565
125
566
116
567
123
568
127
569
123
570
116
571
119
572
125
573
119
574
120
575
123
576
121
577
124
578
121
579
125
580
119
581
135
582
129
583
133
584
121
585
126
586
124
587
131
588
121
589
126
590
128
591
121
592
124
593
124
594
137
595
134
596
112
597
109
598
108
599
116
600
107
601
109
602
113
603
112
604
112
605
114
606
111
607
123
608
112
609
114
610
112
611
112
612
116
613
114
614
111
615
113
616
117
617
114
618
114
619
116
620
111
621
116
622
112
623
118
624
114
625
113
626
116
627
116
628
119
629
128
630
112
631
121
632
116
633
118
634
116
635
118
636
141
637
124
638
118
639
120
640
117
641
117
642
118
643
115
644
116
645
117
646
117
647
126
648
120
649
123
650
117
651
122
652
119
653
123
654
119
655
122
656
119
657
121
658
119
659
117
660
121
661
120
662
123
663
128
664
133
665
127
666
120
667
125
668
132
669
123
670
124
671
122
672
126
673
125
674
128
675
126
676
125
677
124
678
120
679
123
680
125
681
125
682
124
683
126
684
125
685
127
686
124
687
125
688
128
689
128
690
126
691
144
692
129
693
127
694
124
695
159
696
130
697
130
698
130
699
129
700
128
701
134
702
129
703
133
704
152
705
139
706
147
707
134
708
136
709
132
710
131
711
133
712
129
713
137
714
130
715
137
716
146
717
133
718
134
719
135
720
133
721
133
722
133
723
134
724
137
725
150
726
131
727
137
728
136
729
135
730
131
731
136
732
132
733
136
734
135
735
147
736
138
737
138
738
138
739
137
740
140
741
143
742
137
743
134
744
141
745
135
746
149
747
138
748
144
749
137
750
149
751
137
752
151
753
138
754
136
755
140
756
140
757
144
758
136
759
138
760
138
761
140
762
146
763
147
764
142
765
154
766
144
767
141
768
146
769
143
770
144
771
148
772
143
773
151
774
143
775
146
776
150
777
146
778
154
779
149
780
143
781
146
782
159
783
150
784
141
785
147
786
148
787
148
788
155
789
145
790
150
791
144
792
154
793
147
794
148
795
150
796
149
797
157
798
145
799
148
800
146
801
157
802
149
803
150
804
148
805
150
806
151
807
147
808
150
809
154
810
149
811
168
812
152
813
149
814
151
815
154
816
156
817
150
818
154
819
150
820
160
821
154
822
155
823
156
824
155
825
158
826
158
827
156
828
161
829
158
830
159
831
149
832
156
833
165
834
157
835
157
836
158
837
156
838
166
839
155
840
161
841
155
842
174
843
160
844
156
845
158
846
155
847
162
848
166
849
156
850
169
851
159
852
167
853
165
854
171
855
156
856
170
857
156
858
160
859
168
860
159
861
170
862
176
863
168
864
163
865
161
866
165
867
166
868
165
869
166
870
175
871
164
872
166
873
167
874
165
875
188
876
168
877
163
878
173
879
170
880
167
881
164
882
175
883
168
884
172
885
163
886
167
887
168
888
170
889
169
890
168
891
167
892
171
893
173
894
172
895
177
896
172
897
170
898
172
899
172
900
173
901
167
902
172
903
172
904
170
905
175
906
173
907
168
908
171
909
166
910
175
911
176
912
170
913
173
914
170
915
179
916
173
917
172
918
185
919
173
920
168
921
177
922
176
923
177
924
175
925
187
926
175
927
175
928
176
929
178
930
176
931
176
932
179
933
174
934
176
935
190
936
184
937
186
938
174
939
187
940
180
941
192
942
188
943
182
944
179
945
186
946
185
947
182
948
181
949
182
950
182
951
181
952
180
953
197
954
189
955
185
956
197
957
181
958
187
959
195
960
188
961
188
962
187
963
181
964
188
965
185
966
187
967
190
968
189
969
185
970
187
971
188
972
189
973
188
974
184
975
185
976
201
977
235
978
232
979
206
980
206
981
212
982
210
983
198
984
202
985
207
986
204
987
210
988
214
989
205
990
205
991
204
992
207
993
205
994
209
995
203
996
209
997
205
998
218
999
205
