1
2
2
0
3
1
4
1
5
0
6
1
7
1
8
1
9
1
10
1
11
1
12
1
13
1
14
1
15
2
16
2
17
2
18
2
19
2
20
2
21
2
22
2
23
2
24
3
25
2
26
7
27
4
28
3
29
4
30
3
31
4
32
4
33
4
34
4
35
5
36
5
37
5
38
5
39
6
40
6
41
6
42
6
43
6
44
6
45
7
46
8
47
8
48
7
49
7
50
8
51
9
52
8
53
9
54
9
55
10
56
10
57
10
58
11
59
11
60
12
61
11
62
12
63
12
64
12
65
12
66
13
67
14
68
14
69
14
70
14
71
14
72
14
73
16
74
16
75
16
76
16
77
16
78
16
79
18
80
17
81
19
82
18
83
19
84
19
85
19
86
20
87
20
88
20
89
20
90
29
91
21
92
22
93
22
94
22
95
22
96
24
97
25
98
24
99
25
100
25
101
26
102
26
103
26
104
26
105
27
106
40
107
28
108
28
109
29
110
30
111
30
112
31
113
31
114
31
115
32
116
32
117
33
118
33
119
33
120
33
121
45
122
34
123
34
124
35
125
36
126
36
127
36
128
44
129
44
130
50
131
44
132
45
133
43
134
41
135
45
136
46
137
47
138
47
139
47
140
47
141
47
142
48
143
49
144
49
145
49
146
50
147
51
148
51
149
51
150
52
151
52
152
53
153
53
154
54
155
54
156
54
157
56
158
55
159
55
160
59
161
59
162
57
163
74
164
60
165
61
166
61
167
60
168
60
169
59
170
60
171
61
172
61
173
61
174
62
175
61
176
62
177
64
178
65
179
65
180
64
181
64
182
65
183
66
184
74
185
68
186
66
187
67
188
68
189
69
190
70
191
71
192
69
193
91
194
69
195
86
196
70
197
91
198
71
199
73
200
75
201
75
202
75
203
76
204
77
205
82
206
79
207
79
208
79
209
88
210
87
211
87
212
88
213
82
214
82
215
82
216
83
217
83
218
84
219
86
220
90
221
91
222
107
223
92
224
96
225
90
226
124
227
95
228
96
229
95
230
97
231
98
232
100
233
99
234
93
235
94
236
94
237
96
238
104
239
102
240
102
241
104
242
104
243
103
244
109
245
105
246
107
247
111
248
130
249
102
250
114
251
104
252
116
253
108
254
108
255
109
256
110
257
117
258
119
259
109
260
110
261
157
262
114
263
126
264
121
265
113
266
115
267
114
268
114
269
114
270
117
271
113
272
114
273
116
274
116
275
115
276
116
277
117
278
118
279
120
280
120
281
122
282
121
283
121
284
123
285
124
286
126
287
125
288
126
289
126
290
126
291
131
292
128
293
136
294
129
295
132
296
132
297
141
298
132
299
132
300
131
301
141
302
132
303
133
304
132
305
133
306
135
307
134
308
139
309
137
310
138
311
139
312
139
313
151
314
141
315
141
316
143
317
146
318
175
319
150
320
146
321
145
322
164
323
147
324
150
325
149
326
159
327
175
328
151
329
155
330
152
331
157
332
158
333
159
334
159
335
159
336
155
337
160
338
155
339
155
340
155
341
157
342
166
343
163
344
164
345
164
346
166
347
167
348
169
349
167
350
163
351
165
352
164
353
165
354
171
355
171
356
173
357
168
358
168
359
167
360
172
361
170
362
169
363
171
364
171
365
171
366
172
367
173
368
174
369
174
370
176
371
196
372
178
373
178
374
179
375
181
376
179
377
184
378
183
379
183
380
181
381
181
382
194
383
184
384
185
385
186
386
188
387
192
388
191
389
189
390
192
391
191
392
188
393
188
394
189
395
188
396
200
397
190
398
194
399
191
400
191
401
191
402
192
403
193
404
192
405
194
406
194
407
195
408
196
409
207
410
198
411
197
412
198
413
198
414
198
415
200
416
199
417
199
418
201
419
202
420
202
421
210
422
203
423
203
424
209
425
208
426
211
427
234
428
210
429
233
430
210
431
209
432
227
433
224
434
224
435
213
436
212
437
223
438
213
439
214
440
214
441
214
442
215
443
215
444
231
445
216
446
217
447
218
448
219
449
218
450
225
451
220
452
221
453
222
454
222
455
233
456
223
457
223
458
224
459
224
460
228
461
225
462
226
463
226
464
227
465
228
466
242
467
230
468
230
469
229
470
230
471
230
472
231
473
233
474
233
475
234
476
235
477
248
478
236
479
237
480
238
481
238
482
239
483
239
484
240
485
241
486
244
487
255
488
241
489
242
490
244
491
245
492
245
493
246
494
250
495
248
496
249
497
260
498
249
499
250
500
250
501
251
502
268
503
252
504
252
505
252
506
253
507
266
508
255
509
256
510
258
511
257
512
256
513
257
514
259
515
259
516
260
517
267
518
279
519
263
520
263
521
264
522
264
523
266
524
267
525
267
526
281
527
268
528
268
529
268
530
268
531
268
532
268
533
270
534
293
535
272
536
272
537
273
538
275
539
275
540
276
541
278
542
278
543
277
544
278
545
280
546
280
547
281
548
291
549
283
550
284
551
284
552
284
553
286
554
286
555
287
556
289
557
287
558
288
559
289
560
289
561
289
562
297
563
296
564
290
565
291
566
291
567
292
568
293
569
293
570
294
571
295
572
296
573
297
574
297
575
309
576
298
577
298
578
299
579
310
580
300
581
301
582
302
583
303
584
303
585
304
586
304
587
312
588
308
589
307
590
317
591
317
592
308
593
310
594
311
595
316
596
312
597
316
598
313
599
314
600
315
601
316
602
318
603
321
604
319
605
318
606
318
607
319
608
320
609
321
610
321
611
329
612
332
613
323
614
324
615
326
616
326
617
326
618
326
619
331
620
330
621
328
622
328
623
329
624
331
625
331
626
330
627
330
628
331
629
334
630
336
631
334
632
334
633
335
634
341
635
337
636
345
637
340
638
339
639
339
640
340
641
340
642
341
643
363
644
343
645
343
646
344
647
345
648
344
649
349
650
348
651
355
652
346
653
348
654
348
655
348
656
354
657
351
658
354
659
350
660
353
661
353
662
354
663
354
664
356
665
362
666
364
667
358
668
358
669
358
670
360
671
363
672
360
673
361
674
362
675
361
676
362
677
387
678
363
679
363
680
365
681
364
682
365
683
367
684
366
685
367
686
367
687
368
688
368
689
391
690
373
691
375
692
371
693
372
694
375
695
374
696
374
697
377
698
380
699
376
700
378
701
376
702
378
703
399
704
378
705
383
706
380
707
381
708
381
709
390
710
412
711
386
712
382
713
384
714
384
715
386
716
385
717
386
718
390
719
395
720
389
721
396
722
387
723
388
724
389
725
390
726
398
727
392
728
393
729
393
730
394
731
399
732
395
733
395
734
413
735
397
736
404
737
402
738
399
739
399
740
399
741
401
742
400
743
401
744
413
745
410
746
403
747
404
748
421
749
414
750
412
751
406
752
416
753
408
754
409
755
409
756
437
757
410
758
410
759
414
760
414
761
416
762
418
763
414
764
416
765
415
766
416
767
417
768
422
769
419
770
419
771
419
772
421
773
432
774
425
775
423
776
424
777
433
778
435
779
425
780
431
781
429
782
427
783
428
784
448
785
430
786
434
787
430
788
429
789
432
790
431
791
432
792
445
793
432
794
434
795
434
796
439
797
435
798
440
799
436
800
436
801
437
802
438
803
442
804
439
805
439
806
441
807
441
808
441
809
442
810
442
811
443
812
444
813
454
814
445
815
458
816
445
817
448
818
446
819
448
820
447
821
453
822
450
823
450
824
451
825
452
826
452
827
453
828
454
829
464
830
464
831
456
832
463
833
462
834
457
835
476
836
459
837
459
838
459
839
459
840
461
841
462
842
461
843
497
844
467
845
467
846
464
847
474
848
473
849
466
850
467
851
469
852
469
853
469
854
479
855
480
856
480
857
472
858
473
859
491
860
475
861
477
862
477
863
477
864
477
865
479
866
480
867
479
868
487
869
482
870
486
871
483
872
486
873
493
874
484
875
488
876
485
877
485
878
488
879
488
880
492
881
488
882
499
883
490
884
490
885
489
886
490
887
501
888
491
889
493
890
495
891
495
892
496
893
496
894
496
895
496
896
517
897
499
898
498
899
498
900
499
901
505
902
509
903
501
904
502
905
511
906
507
907
504
908
504
909
505
910
506
911
520
912
507
913
507
914
508
915
518
916
514
917
510
918
511
919
512
920
512
921
516
922
516
923
516
924
515
925
516
926
516
927
517
928
528
929
518
930
522
931
518
932
531
933
521
934
521
935
522
936
526
937
522
938
532
939
524
940
528
941
525
942
535
943
527
944
527
945
531
946
538
947
529
948
530
949
531
950
546
951
531
952
532
953
532
954
533
955
537
956
534
957
543
958
544
959
535
960
535
961
536
962
538
963
537
964
543
965
540
966
540
967
541
968
541
969
545
970
544
971
552
972
543
973
562
974
558
975
548
976
545
977
545
978
549
979
547
980
569
981
547
982
548
983
552
984
548
985
558
986
567
987
551
988
551
989
551
990
551
991
552
992
557
993
554
994
576
995
554
996
555
997
556
998
556
999
557
