1
1
2
1
3
0
4
1
5
0
6
1
7
1
8
1
9
2
10
1
11
2
12
2
13
2
14
2
15
1
16
2
17
2
18
2
19
3
20
2
21
2
22
3
23
2
24
3
25
3
26
3
27
3
28
4
29
3
30
3
31
3
32
3
33
3
34
3
35
4
36
4
37
4
38
4
39
4
40
5
41
4
42
5
43
5
44
5
45
5
46
5
47
5
48
6
49
6
50
5
51
6
52
7
53
6
54
6
55
6
56
6
57
7
58
6
59
7
60
7
61
6
62
6
63
7
64
7
65
7
66
7
67
8
68
8
69
7
70
8
71
7
72
8
73
9
74
17
75
8
76
10
77
8
78
9
79
9
80
9
81
8
82
9
83
9
84
9
85
10
86
10
87
10
88
10
89
10
90
10
91
11
92
11
93
10
94
9
95
11
96
10
97
11
98
11
99
11
100
12
101
14
102
13
103
12
104
12
105
11
106
12
107
13
108
13
109
12
110
12
111
14
112
13
113
13
114
13
115
13
116
14
117
13
118
14
119
14
120
16
121
14
122
13
123
14
124
15
125
14
126
13
127
15
128
16
129
15
130
15
131
17
132
16
133
14
134
15
135
15
136
15
137
16
138
16
139
17
140
16
141
16
142
16
143
17
144
16
145
18
146
17
147
18
148
18
149
17
150
18
151
18
152
21
153
18
154
18
155
18
156
19
157
18
158
21
159
18
160
18
161
19
162
19
163
19
164
19
165
21
166
19
167
19
168
20
169
20
170
18
171
26
172
28
173
27
174
29
175
22
176
20
177
21
178
21
179
21
180
21
181
21
182
22
183
22
184
21
185
24
186
23
187
22
188
22
189
25
190
23
191
21
192
22
193
22
194
24
195
22
196
21
197
23
198
22
199
24
200
23
201
22
202
25
203
24
204
29
205
23
206
25
207
24
208
25
209
25
210
24
211
24
212
25
213
26
214
24
215
26
216
25
217
28
218
26
219
27
220
27
221
25
222
25
223
29
224
26
225
26
226
27
227
27
228
28
229
29
230
26
231
27
232
26
233
29
234
28
235
29
236
31
237
27
238
31
239
28
240
29
241
29
242
28
243
26
244
33
245
28
246
29
247
28
248
30
249
40
250
32
251
31
252
32
253
31
254
30
255
30
256
29
257
31
258
31
259
33
260
33
261
29
262
30
263
33
264
32
265
32
266
33
267
32
268
34
269
32
270
40
271
39
272
41
273
40
274
45
275
44
276
41
277
53
278
47
279
45
280
45
281
39
282
34
283
47
284
49
285
51
286
46
287
45
288
46
289
36
290
48
291
51
292
39
293
35
294
33
295
35
296
38
297
34
298
36
299
36
300
36
301
36
302
38
303
37
304
38
305
38
306
38
307
38
308
38
309
40
310
41
311
37
312
36
313
41
314
40
315
45
316
48
317
49
318
53
319
53
320
52
321
52
322
51
323
54
324
54
325
53
326
50
327
52
328
40
329
38
330
40
331
42
332
43
333
39
334
42
335
39
336
42
337
44
338
41
339
41
340
44
341
42
342
42
343
45
344
42
345
42
346
41
347
44
348
44
349
44
350
48
351
42
352
43
353
41
354
47
355
43
356
46
357
43
358
44
359
45
360
45
361
55
362
42
363
48
364
47
365
48
366
47
367
44
368
44
369
45
370
46
371
50
372
47
373
46
374
45
375
52
376
49
377
46
378
47
379
49
380
47
381
53
382
45
383
48
384
47
385
52
386
58
387
49
388
53
389
48
390
48
391
51
392
50
393
64
394
53
395
53
396
52
397
49
398
54
399
51
400
47
401
51
402
50
403
51
404
49
405
53
406
52
407
64
408
70
409
65
410
68
411
68
412
70
413
71
414
65
415
65
416
66
417
56
418
57
419
49
420
58
421
52
422
56
423
53
424
54
425
66
426
54
427
54
428
55
429
54
430
53
431
52
432
54
433
60
434
61
435
55
436
53
437
54
438
56
439
60
440
57
441
56
442
56
443
61
444
58
445
58
446
55
447
56
448
61
449
60
450
62
451
58
452
54
453
60
454
57
455
54
456
55
457
57
458
57
459
57
460
62
461
63
462
58
463
58
464
56
465
60
466
57
467
57
468
69
469
57
470
59
471
66
472
58
473
61
474
62
475
68
476
64
477
59
478
69
479
68
480
62
481
72
482
69
483
66
484
75
485
63
486
80
487
58
488
60
489
74
490
80
491
80
492
80
493
60
494
81
495
63
496
63
497
59
498
68
499
60
500
76
501
66
502
64
503
77
504
62
505
69
506
65
507
69
508
71
509
71
510
65
511
64
512
67
513
62
514
71
515
65
516
72
517
63
518
63
519
69
520
63
521
64
522
72
523
73
524
65
525
64
526
66
527
67
528
70
529
64
530
68
531
70
532
67
533
67
534
65
535
69
536
68
537
68
538
84
539
68
540
73
541
64
542
69
543
70
544
75
545
74
546
69
547
81
548
93
549
70
550
77
551
72
552
73
553
71
554
89
555
76
556
70
557
75
558
74
559
73
560
74
561
72
562
75
563
73
564
71
565
71
566
70
567
72
568
69
569
75
570
81
571
78
572
75
573
74
574
77
575
72
576
74
577
74
578
72
579
78
580
74
581
72
582
72
583
78
584
72
585
72
586
75
587
74
588
71
589
86
590
79
591
76
592
74
593
76
594
72
595
77
596
79
597
76
598
75
599
74
600
80
601
81
602
76
603
77
604
81
605
80
606
84
607
79
608
78
609
77
610
74
611
92
612
81
613
78
614
77
615
84
616
77
617
83
618
82
619
80
620
85
621
91
622
91
623
76
624
82
625
78
626
83
627
80
628
81
629
91
630
78
631
85
632
78
633
85
634
79
635
84
636
87
637
81
638
91
639
84
640
79
641
80
642
87
643
86
644
83
645
84
646
81
647
83
648
83
649
81
650
82
651
86
652
85
653
86
654
79
655
78
656
83
657
84
658
89
659
85
660
82
661
85
662
84
663
80
664
84
665
88
666
94
667
81
668
89
669
87
670
84
671
87
672
89
673
90
674
88
675
97
676
86
677
91
678
85
679
87
680
85
681
88
682
89
683
87
684
86
685
88
686
90
687
87
688
85
689
91
690
93
691
89
692
90
693
92
694
93
695
92
696
89
697
87
698
90
699
88
700
93
701
91
702
97
703
87
704
90
705
93
706
89
707
95
708
89
709
98
710
93
711
88
712
95
713
91
714
91
715
91
716
93
717
87
718
94
719
93
720
90
721
95
722
89
723
93
724
109
725
106
726
92
727
89
728
94
729
97
730
98
731
90
732
94
733
95
734
94
735
95
736
92
737
96
738
100
739
93
740
100
741
96
742
96
743
96
744
103
745
105
746
107
747
97
748
98
749
97
750
93
751
97
752
103
753
100
754
100
755
96
756
100
757
97
758
101
759
97
760
98
761
98
762
108
763
95
764
96
765
100
766
99
767
102
768
99
769
106
770
95
771
102
772
105
773
101
774
116
775
98
776
109
777
101
778
99
779
104
780
98
781
104
782
103
783
102
784
107
785
104
786
101
787
105
788
104
789
102
790
107
791
114
792
104
793
104
794
102
795
109
796
100
797
109
798
101
799
103
800
101
801
106
802
105
803
108
804
106
805
107
806
102
807
104
808
109
809
107
810
104
811
113
812
105
813
103
814
124
815
110
816
110
817
112
818
108
819
107
820
102
821
115
822
105
823
110
824
107
825
106
826
107
827
103
828
117
829
105
830
110
831
107
832
113
833
111
834
108
835
116
836
110
837
109
838
111
839
110
840
110
841
123
842
103
843
108
844
115
845
118
846
108
847
110
848
112
849
128
850
109
851
117
852
111
853
113
854
111
855
111
856
112
857
112
858
120
859
112
860
114
861
123
862
110
863
108
864
109
865
115
866
115
867
115
868
115
869
115
870
115
871
111
872
109
873
115
874
111
875
115
876
110
877
119
878
110
879
113
880
116
881
114
882
115
883
111
884
117
885
124
886
112
887
116
888
131
889
121
890
117
891
124
892
114
893
116
894
116
895
131
896
117
897
111
898
121
899
111
900
111
901
112
902
115
903
116
904
113
905
111
906
124
907
117
908
121
909
122
910
121
911
121
912
125
913
125
914
116
915
119
916
126
917
126
918
125
919
116
920
118
921
129
922
123
923
119
924
126
925
127
926
118
927
124
928
133
929
129
930
120
931
134
932
135
933
121
934
120
935
123
936
132
937
123
938
121
939
120
940
133
941
130
942
127
943
128
944
125
945
130
946
126
947
119
948
125
949
130
950
138
951
126
952
127
953
131
954
124
955
126
956
137
957
132
958
131
959
133
960
128
961
122
962
129
963
129
964
125
965
134
966
127
967
129
968
139
969
125
970
126
971
129
972
138
973
136
974
135
975
121
976
124
977
133
978
134
979
123
980
135
981
134
982
133
983
133
984
150
985
126
986
144
987
128
988
140
989
133
990
133
991
133
992
140
993
142
994
142
995
144
996
144
997
125
998
137
999
130
