1
1
2
0
3
1
4
1
5
1
6
1
7
1
8
1
9
1
10
1
11
1
12
1
13
2
14
2
15
2
16
2
17
3
18
2
19
3
20
3
21
3
22
4
23
3
24
4
25
4
26
4
27
5
28
5
29
6
30
6
31
6
32
7
33
7
34
7
35
8
36
8
37
8
38
9
39
9
40
10
41
10
42
10
43
12
44
12
45
12
46
13
47
14
48
14
49
15
50
15
51
16
52
17
53
17
54
18
55
18
56
19
57
19
58
20
59
21
60
22
61
22
62
22
63
24
64
24
65
25
66
26
67
27
68
27
69
28
70
29
71
29
72
31
73
39
74
32
75
33
76
34
77
35
78
36
79
36
80
38
81
38
82
39
83
40
84
42
85
42
86
43
87
44
88
46
89
46
90
47
91
49
92
49
93
51
94
51
95
52
96
54
97
55
98
56
99
56
100
58
101
59
102
60
103
62
104
62
105
64
106
64
107
66
108
83
109
68
110
70
111
71
112
72
113
73
114
75
115
76
116
77
117
80
118
80
119
90
120
83
121
84
122
85
123
86
124
89
125
102
126
90
127
92
128
93
129
96
130
97
131
98
132
101
133
101
134
103
135
104
136
106
137
108
138
108
139
109
140
113
141
114
142
115
143
117
144
118
145
119
146
121
147
130
148
135
149
126
150
127
151
132
152
131
153
132
154
135
155
136
156
138
157
141
158
142
159
143
160
145
161
148
162
150
163
169
164
222
165
228
166
248
167
242
168
222
169
276
170
264
171
249
172
230
173
185
174
170
175
173
176
177
177
177
178
184
179
189
180
190
181
279
182
283
183
295
184
226
185
193
186
195
187
199
188
200
189
202
190
205
191
206
192
208
193
209
194
211
195
215
196
216
197
218
198
222
199
223
200
226
201
227
202
230
203
234
204
233
205
238
206
238
207
240
208
254
209
247
210
252
211
253
212
323
213
256
214
262
215
272
216
274
217
272
218
274
219
275
220
283
221
279
222
354
223
319
224
356
225
294
226
289
227
296
228
296
229
298
230
311
231
303
232
302
233
326
234
361
235
322
236
321
237
322
238
326
239
326
240
333
241
331
242
339
243
335
244
344
245
342
246
348
247
346
248
354
249
361
250
358
251
495
252
368
253
364
254
371
255
471
256
389
257
383
258
414
259
460
260
431
261
402
262
387
263
390
264
416
265
395
266
400
267
400
268
404
269
412
270
408
271
412
272
414
273
418
274
420
275
425
276
426
277
478
278
432
279
438
280
448
281
445
282
446
283
488
284
507
285
457
286
472
287
495
288
483
289
474
290
477
291
480
292
485
293
491
294
500
295
496
296
491
297
492
298
498
299
500
300
515
301
508
302
513
303
514
304
516
305
523
306
534
307
530
308
531
309
533
310
540
311
544
312
552
313
556
314
556
315
557
316
558
317
563
318
581
319
568
320
575
321
577
322
579
323
585
324
597
325
589
326
596
327
599
328
608
329
617
330
608
331
614
332
617
333
648
334
625
335
637
336
630
337
637
338
639
339
642
340
656
341
651
342
653
343
659
344
662
345
665
346
683
347
674
348
677
349
682
350
685
351
693
352
691
353
697
354
700
355
702
356
713
357
712
358
714
359
722
360
724
361
729
362
733
363
738
364
740
365
747
366
750
367
752
368
755
369
758
370
770
371
769
372
771
373
779
374
785
375
784
376
788
377
794
378
798
379
805
380
805
381
812
382
816
383
822
384
822
385
828
386
832
387
838
388
839
389
846
390
850
391
853
392
857
393
865
394
867
395
870
396
878
397
877
398
965
399
894
400
892
401
895
402
903
403
911
404
911
405
914
406
917
407
930
408
930
409
973
410
937
411
944
412
949
413
953
414
956
415
963
416
963
417
972
418
980
419
985
420
984
421
987
422
997
423
1000
424
1004
425
1008
426
1012
427
1015
428
1019
429
1134
430
1033
431
1042
432
1049
433
1046
434
1049
435
1058
436
1067
437
1066
438
1075
439
1077
440
1078
441
1083
442
1095
443
1097
444
1100
445
1105
446
1109
447
1141
448
1118
449
1126
450
1131
451
1135
452
1144
453
1145
454
1150
455
1159
456
1163
457
1163
458
1177
459
1177
460
1181
461
1193
462
1191
463
1197
464
1206
465
1246
466
1210
467
1222
468
1219
469
1223
470
1233
471
1239
472
1249
473
1248
474
1260
475
1268
476
1264
477
1269
478
1278
479
1278
480
1283
481
1297
482
1305
483
1308
484
1303
485
1312
486
1323
487
1322
488
1329
489
1338
490
1339
491
1359
492
1350
493
1355
494
1370
495
1367
496
1371
497
1376
498
1382
499
1456
500
1393
501
1399
502
1451
503
1409
504
1424
505
1420
506
1432
507
1466
508
1437
509
1453
510
1448
511
1459
512
1460
513
1465
514
1480
515
1525
516
1491
517
1489
518
1493
519
1499
520
1505
521
1517
522
1517
523
1540
524
1530
525
1537
526
1542
527
1548
528
1562
529
1560
530
1675
531
1572
532
1586
533
1583
534
1596
535
1595
536
1600
537
1618
538
1609
539
1624
540
1622
541
1643
542
1635
543
1649
544
1649
545
1731
546
1660
547
1666
548
1673
549
1680
550
1694
551
1702
552
1707
553
1700
554
1712
555
1713
556
1729
557
1727
558
1742
559
1741
560
1753
561
1876
562
1764
563
1766
564
1781
565
1774
566
1788
567
1795
568
1805
569
1804
570
1815
571
1816
572
1832
573
1824
574
1885
575
1839
576
1857
577
1855
578
1869
579
1867
580
1883
581
1880
582
1891
583
1890
584
1899
585
1931
586
1912
587
1928
588
1959
589
1942
590
1937
591
1960
592
1952
593
1978
594
1961
595
1975
596
1981
597
1984
598
1995
599
1998
600
2037
601
2008
602
2025
603
2025
604
2040
605
2043
606
2042
607
2128
608
2057
609
2073
610
2072
611
2083
612
2089
613
2090
614
2106
615
2105
616
2116
617
2118
618
2126
619
2160
620
2164
621
2148
622
2150
623
2159
624
2169
625
2169
626
2181
627
2185
628
2327
629
2205
630
2240
631
2220
632
2222
633
2258
634
2238
635
2241
636
2253
637
2260
638
2259
639
2279
640
2279
641
2294
642
2299
643
2299
644
2335
645
2335
646
2319
647
2339
648
2347
649
2512
650
2364
651
2357
652
2384
653
2378
654
2385
655
2385
656
2404
657
2396
658
2406
659
2425
660
2427
661
2428
662
2447
663
2472
664
2620
665
2739
666
2548
667
2511
668
2503
669
2500
670
2527
671
2515
672
2528
673
2531
674
2523
675
2701
676
2552
677
2548
678
2563
679
2574
680
2568
681
2706
682
2596
683
2603
684
2627
685
2742
686
2624
687
2647
688
2633
689
2647
690
2658
691
2655
692
2669
693
2688
694
2684
695
2683
696
2712
697
2702
698
2712
699
2720
700
2773
701
2736
702
2752
703
2745
704
2767
705
2835
706
2775
707
2780
708
2787
709
2800
710
2808
711
2808
712
2987
713
2826
714
2843
715
2850
716
2856
717
2865
718
2868
719
2876
720
2885
721
2924
722
2943
723
2938
724
2918
725
2917
726
2928
727
2944
728
3173
729
3142
730
3007
731
2969
732
2977
733
3000
734
2999
735
3003
736
3013
737
3018
738
3036
739
3113
740
3053
741
3060
742
3059
743
3073
744
3189
745
3089
746
3093
747
3105
748
3107
749
3122
750
3135
751
3141
752
3142
753
3154
754
3162
755
3297
756
3182
757
3186
758
3197
759
3203
760
3214
761
3216
762
3417
763
3237
764
3254
765
3254
766
3280
767
3271
768
3284
769
3287
770
3296
771
3421
772
3317
773
3321
774
3333
775
3338
776
3350
777
3357
778
3368
779
3375
780
3383
781
3392
782
3476
783
3409
784
3414
785
3428
786
3432
787
3480
788
3451
789
3462
790
3468
791
3481
792
3623
793
3497
794
3501
795
3554
796
3530
797
3576
798
3547
799
3548
800
3561
801
3568
802
3573
803
3608
804
3590
805
3604
806
3610
807
3623
808
3635
809
3634
810
3649
811
3749
812
3669
813
3677
814
3688
815
3692
816
3702
817
3719
818
3728
819
3738
820
3750
821
3746
822
3758
823
3768
824
3930
825
3791
826
3801
827
3807
828
3820
829
3950
830
3844
831
3842
832
3848
833
3866
834
3868
835
3888
836
3890
837
3902
838
3910
839
3988
840
4099
841
3938
842
3990
843
3974
844
3974
845
3969
846
4033
847
4165
848
3994
849
4014
850
4018
851
4022
852
4114
853
4046
854
4049
855
4067
856
4072
857
4123
858
4325
859
4133
860
4108
861
4128
862
4134
863
4137
864
4146
865
4165
866
4178
867
4174
868
4192
869
4200
870
4206
871
4229
872
4238
873
4232
874
4246
875
4257
876
4282
877
4269
878
4285
879
4292
880
4316
881
4317
882
4324
883
4329
884
4339
885
4448
886
4362
887
4369
888
4377
889
4393
890
4452
891
4413
892
4424
893
4434
894
4628
895
4447
896
4460
897
4478
898
4484
899
4505
900
4497
901
4518
902
4526
903
4699
904
4535
905
4550
906
4599
907
4570
908
4579
909
4586
910
4605
911
4614
912
4671
913
4696
914
4650
915
4663
916
4674
917
5382
918
4682
919
4693
920
4703
921
4725
922
4726
923
4735
924
4750
925
4786
926
4771
927
4769
928
4780
929
4800
930
4805
931
4816
932
4855
933
4854
934
4839
935
4860
936
5076
937
4892
938
4889
939
4896
940
5033
941
4925
942
4934
943
4942
944
4963
945
4976
946
4965
947
4988
948
4994
949
5028
950
5012
951
5021
952
5027
953
5182
954
5061
955
5074
956
5082
957
5092
958
5102
959
5101
960
5117
961
5381
962
5187
963
5521
964
5401
965
5222
966
5191
967
5210
968
5237
969
5219
970
5229
971
5253
972
5259
973
5495
974
5281
975
5279
976
5313
977
5307
978
5313
979
5320
980
5506
981
5338
982
5389
983
5369
984
5390
985
5390
986
5403
987
5410
988
5421
989
5430
990
5438
991
5462
992
5476
993
5476
994
5480
995
5495
996
5503
997
5528
998
5537
999
5803
