1
0
2
1
3
2
4
3
5
6
6
9
7
10
8
11
9
9
10
21
11
16
12
18
13
27
14
19
15
29
16
29
17
36
18
39
19
41
20
37
21
37
22
56
23
55
24
67
25
63
26
79
27
62
28
62
29
76
30
59
31
84
32
94
33
109
34
107
35
96
36
115
37
107
38
103
39
98
40
130
41
101
42
92
43
132
44
133
45
139
46
141
47
126
48
96
49
164
50
165
51
137
52
158
53
205
54
129
55
131
56
189
57
200
58
219
59
165
60
184
61
226
62
194
63
173
64
181
65
212
66
212
67
193
68
191
69
206
70
288
71
232
72
253
73
250
74
239
75
288
76
293
77
270
78
274
79
287
80
206
81
278
82
306
83
296
84
274
85
305
86
269
87
343
88
271
89
412
90
336
91
309
92
271
93
333
94
325
95
370
96
438
97
359
98
439
99
462
100
396
101
312
102
375
103
409
104
432
105
386
106
273
107
519
108
421
109
347
110
417
111
360
112
341
113
342
114
371
115
439
116
346
117
573
118
453
119
467
120
551
121
453
122
409
123
467
124
400
125
505
126
483
127
609
128
508
129
453
130
562
131
487
132
570
133
493
134
439
135
547
136
733
137
752
138
544
139
463
140
876
141
456
142
457
143
697
144
544
145
446
146
590
147
559
148
618
149
604
150
430
151
485
152
568
153
592
154
533
155
504
156
541
157
521
158
659
159
823
160
644
161
594
162
616
163
567
164
531
165
702
166
551
167
496
168
840
169
541
170
762
171
827
172
652
173
631
174
594
175
654
176
755
177
675
178
784
179
743
180
641
181
673
182
689
183
751
184
680
185
736
186
721
187
637
188
786
189
965
190
611
191
792
192
653
193
809
194
826
195
812
196
734
197
654
198
658
199
798
200
687
201
980
202
753
203
731
204
814
205
700
206
916
207
717
208
896
209
692
210
713
211
877
212
785
213
894
214
835
215
819
216
836
217
854
218
952
219
814
220
808
221
781
222
927
223
897
224
886
225
1120
226
934
227
1017
228
886
229
912
230
869
231
918
232
918
233
943
234
1305
235
865
236
912
237
977
238
935
239
999
240
1121
241
880
242
1095
243
1139
244
1022
245
1227
246
977
247
1201
248
915
249
920
250
1014
251
964
252
933
253
961
254
976
255
1351
256
1035
257
1059
258
1274
259
1346
260
1074
261
1111
262
992
263
1504
264
1347
265
975
266
1038
267
1071
268
1291
269
1049
270
1102
271
1355
272
1275
273
1359
274
1044
275
1109
276
1040
277
1280
278
1057
279
1041
280
1149
281
1186
282
1515
283
1148
284
1284
285
1187
286
1163
287
1152
288
1145
289
1137
290
1305
291
1312
292
1197
293
1211
294
1223
295
1356
296
1439
297
1353
298
1520
299
1211
300
1371
301
1447
302
1396
303
1480
304
1285
305
1444
306
1461
307
1580
308
1218
309
1145
310
1458
311
1188
312
1146
313
1196
314
1330
315
1310
316
1418
317
1383
318
1456
319
1463
320
1529
321
1723
322
1455
323
1324
324
1386
325
1137
326
1496
327
1472
328
1235
329
1587
330
1208
331
1406
332
1570
333
1282
334
1297
335
1803
336
1692
337
1624
338
1359
339
1112
340
1519
341
1777
342
1333
343
1172
344
1566
345
1257
346
1518
347
1613
348
1383
349
1646
350
1475
351
1558
352
1304
353
1486
354
1561
355
1374
356
1793
357
1561
358
1770
359
1402
360
1370
361
1602
362
1526
363
1698
364
1314
365
1738
366
1495
367
1571
368
1482
369
1545
370
1617
371
1317
372
1739
373
1678
374
1778
375
1691
376
1984
377
1998
378
2014
379
1437
380
2007
381
1497
382
2001
383
1659
384
1797
385
1874
386
1794
387
1603
388
1915
389
1815
390
1739
391
1402
392
1694
393
1682
394
1791
395
1365
396
1786
397
1649
398
1901
399
1764
400
1518
401
3047
402
2117
403
1919
404
2031
405
1979
406
1936
407
1819
408
1808
409
2088
410
2025
411
1395
412
1985
413
1664
414
1661
415
1720
416
1749
417
1731
418
1773
419
1828
420
1541
421
1930
422
1425
423
1828
424
1758
425
1952
426
2218
427
2033
428
2049
429
1716
430
2263
431
1869
432
1887
433
2263
434
2151
435
1780
436
2176
437
2190
438
2052
439
1880
440
2213
441
1788
442
1632
443
1774
444
1742
445
2135
446
2022
447
1995
448
2189
449
2088
450
2117
451
2159
452
1779
453
1882
454
1990
455
1813
456
1733
457
2095
458
2259
459
2474
460
1985
461
1849
462
2411
463
3039
464
2034
465
2134
466
2208
467
2260
468
2142
469
2877
470
2239
471
2276
472
1928
473
2214
474
2250
475
2168
476
2608
477
2399
478
2154
479
1934
480
2109
481
2231
482
2361
483
2566
484
2109
485
2067
486
2186
487
2873
488
2500
489
2108
490
2327
491
2520
492
3267
493
2892
494
2231
495
2575
496
2322
497
2266
498
2505
499
2286
500
2625
501
2347
502
1932
503
2407
504
2393
505
2363
506
2234
507
2104
508
2470
509
2112
510
2235
511
2198
512
2077
513
2164
514
2053
515
2406
516
2464
517
2188
518
2089
519
2103
520
2298
521
2630
522
2022
523
2963
524
2363
525
2563
526
2271
527
2190
528
2236
529
2749
530
2213
531
2528
532
2082
533
2183
534
2951
535
2757
536
2600
537
2663
538
2258
539
2344
540
2198
541
2777
542
2804
543
2295
544
2687
545
2540
546
2207
547
3397
548
2411
549
2265
550
2419
551
2340
552
2499
553
2610
554
2566
555
2478
556
2246
557
2423
558
2952
559
2362
560
3604
561
2325
562
2720
563
2812
564
2446
565
2590
566
2670
567
2367
568
3052
569
2217
570
3102
571
2560
572
2436
573
2854
574
2641
575
2592
576
2595
577
2981
578
2872
579
2521
580
2736
581
2677
582
2675
583
2858
584
2602
585
2598
586
2967
587
2407
588
2293
589
2363
590
2428
591
2626
592
2776
593
3072
594
2926
595
2359
596
3028
597
3004
598
2917
599
2240
600
2669
601
3019
602
2316
603
3408
604
2860
605
2978
606
3085
607
2555
608
2702
609
2825
610
2779
611
2346
612
2617
613
3013
614
2917
615
3105
616
3066
617
2357
618
3029
619
2550
620
2538
621
3528
622
2536
623
3105
624
3812
625
3256
626
3106
627
3030
628
3254
629
4054
630
4168
631
2952
632
2897
633
2541
634
2880
635
3012
636
2860
637
3927
638
2497
639
2642
640
2377
641
3485
642
3328
643
2910
644
2847
645
3179
646
2635
647
3279
648
2571
649
2715
650
3591
651
3027
652
2942
653
2723
654
3202
655
2633
656
3342
657
2722
658
2572
659
2899
660
3377
661
2963
662
3474
663
2769
664
3045
665
2760
666
3139
667
2937
668
3313
669
3233
670
3410
671
3686
672
4260
673
2913
674
2728
675
3362
676
3122
677
3256
678
2947
679
4202
680
2971
681
3035
682
3285
683
3719
684
3112
685
3020
686
3155
687
2763
688
2657
689
3453
690
3092
691
3635
692
3152
693
3270
694
3034
695
3388
696
3009
697
3652
698
3044
699
3029
700
3041
701
3553
702
3737
703
3520
704
2933
705
3063
706
2881
707
3288
708
3460
709
3270
710
3157
711
3212
712
3293
713
3811
714
2843
715
3780
716
3305
717
3671
718
3311
719
3364
720
3348
721
3449
722
3152
723
3954
724
4709
725
4045
726
3169
727
2862
728
3457
729
3887
730
4360
731
3022
732
2866
733
3591
734
3905
735
2710
736
3180
737
3131
738
4118
739
3711
740
4601
741
4255
742
3447
743
3691
744
3299
745
3491
746
4058
747
3623
748
4080
749
3471
750
3786
751
3330
752
3400
753
4101
754
3667
755
3867
756
3461
757
3800
758
3743
759
3635
760
3226
761
4008
762
3107
763
4165
764
3731
765
3905
766
3126
767
3660
768
3513
769
4434
770
4899
771
3698
772
3474
773
3872
774
3625
775
4077
776
3278
777
3463
778
3998
779
3011
780
3445
781
3352
782
4366
783
3133
784
3717
785
3781
786
3092
787
3805
788
4638
789
3834
790
3942
791
3899
792
4171
793
4516
794
3413
795
4308
796
4276
797
3237
798
3648
799
3715
800
5304
801
3539
802
5060
803
4393
804
3719
805
3634
806
3305
807
4153
808
3579
809
3980
810
3702
811
4279
812
3868
813
3312
814
3957
815
4203
816
4150
817
3978
818
4039
819
3701
820
4492
821
3569
822
3462
823
3938
824
3769
825
4884
826
3928
827
3141
828
3553
829
4056
830
4185
831
4403
832
3580
833
3493
834
3899
835
4268
836
3528
837
4203
838
3637
839
3894
840
4086
841
5225
842
4882
843
4597
844
3925
845
3989
846
4234
847
4263
848
3646
849
3589
850
5916
851
5028
852
4568
853
3801
854
5436
855
3299
856
4012
857
4893
858
4406
859
3852
860
3778
861
4261
862
4242
863
4401
864
3786
865
6320
866
4656
867
3748
868
3696
869
3960
870
5068
871
3798
872
3727
873
4081
874
4479
875
4364
876
3699
877
4253
878
4359
879
4555
880
3558
881
4989
882
4200
883
4246
884
4039
885
4200
886
4353
887
3951
888
3847
889
3976
890
4334
891
4138
892
4294
893
4570
894
5114
895
4088
896
3680
897
4011
898
4451
899
4488
900
3677
901
4769
902
4751
903
4059
904
4289
905
4533
906
4393
907
4816
908
4327
909
4274
910
3888
911
4250
912
3701
913
5262
914
4437
915
4233
916
3947
917
4701
918
4087
919
5236
920
6109
921
3752
922
4512
923
3777
924
4145
925
4910
926
4561
927
4833
928
5174
929
5046
930
4403
931
4749
932
3726
933
4743
934
4520
935
3966
936
4307
937
4086
938
4020
939
5593
940
4515
941
5207
942
4500
943
4377
944
5108
945
5399
946
4854
947
4182
948
4143
949
4281
950
4562
951
4952
952
4076
953
4530
954
4274
955
4214
956
3997
957
4754
958
4266
959
4290
960
4308
961
4270
962
4798
963
4408
964
4640
965
4370
966
4401
967
4871
968
4305
969
5879
970
4226
971
4155
972
4764
973
5139
974
4856
975
4969
976
4017
977
5333
978
4276
979
4042
980
4895
981
4929
982
4322
983
5421
984
4714
985
4793
986
4350
987
5751
988
4796
989
4315
990
3791
991
4962
992
4716
993
4685
994
4055
995
4442
996
4201
997
4534
998
5210
999
4471
