1
0
2
0
3
1
4
1
5
2
6
2
7
2
8
3
9
9
10
9
11
11
12
22
13
17
14
16
15
24
16
14
17
16
18
21
19
35
20
24
21
23
22
28
23
28
24
29
25
65
26
36
27
32
28
69
29
49
30
50
31
56
32
65
33
76
34
58
35
72
36
75
37
88
38
74
39
75
40
65
41
62
42
83
43
81
44
86
45
116
46
107
47
50
48
86
49
60
50
98
51
111
52
109
53
104
54
140
55
112
56
187
57
138
58
99
59
135
60
137
61
157
62
210
63
165
64
162
65
127
66
135
67
163
68
141
69
196
70
133
71
138
72
177
73
150
74
180
75
164
76
161
77
150
78
204
79
176
80
170
81
201
82
265
83
186
84
217
85
299
86
248
87
261
88
255
89
223
90
297
91
185
92
252
93
220
94
240
95
172
96
310
97
277
98
243
99
242
100
291
101
429
102
343
103
277
104
228
105
301
106
190
107
365
108
249
109
329
110
294
111
276
112
352
113
271
114
341
115
372
116
487
117
345
118
297
119
377
120
410
121
303
122
322
123
389
124
310
125
380
126
346
127
338
128
428
129
551
130
385
131
337
132
421
133
378
134
439
135
367
136
477
137
337
138
594
139
328
140
400
141
389
142
476
143
349
144
449
145
486
146
539
147
417
148
604
149
380
150
466
151
515
152
460
153
422
154
430
155
362
156
564
157
429
158
445
159
579
160
419
161
459
162
498
163
524
164
563
165
616
166
535
167
405
168
530
169
508
170
571
171
580
172
558
173
622
174
531
175
403
176
657
177
713
178
757
179
570
180
529
181
563
182
681
183
544
184
490
185
610
186
512
187
535
188
754
189
567
190
625
191
557
192
528
193
499
194
779
195
431
196
659
197
591
198
655
199
567
200
633
201
610
202
706
203
530
204
572
205
837
206
594
207
548
208
713
209
515
210
704
211
749
212
753
213
679
214
638
215
603
216
761
217
590
218
778
219
712
220
736
221
622
222
675
223
826
224
751
225
699
226
663
227
736
228
704
229
795
230
757
231
866
232
1034
233
758
234
824
235
928
236
617
237
734
238
719
239
880
240
667
241
864
242
608
243
916
244
776
245
695
246
763
247
765
248
889
249
954
250
962
251
951
252
802
253
764
254
767
255
855
256
951
257
937
258
750
259
892
260
994
261
1173
262
1009
263
1015
264
1004
265
1037
266
820
267
799
268
891
269
874
270
872
271
1024
272
941
273
867
274
833
275
843
276
994
277
974
278
1074
279
1054
280
909
281
936
282
1386
283
983
284
1144
285
952
286
803
287
874
288
1035
289
975
290
1042
291
894
292
1332
293
1279
294
1099
295
991
296
1087
297
990
298
975
299
839
300
1348
301
1187
302
954
303
1019
304
873
305
1102
306
953
307
864
308
779
309
796
310
1089
311
986
312
1227
313
1126
314
1480
315
1141
316
877
317
1386
318
1049
319
1224
320
981
321
877
322
947
323
1078
324
1284
325
1378
326
1437
327
1072
328
1589
329
888
330
1004
331
960
332
1337
333
1554
334
1310
335
1256
336
1377
337
1127
338
1140
339
1206
340
1301
341
1134
342
1400
343
1135
344
1328
345
998
346
1313
347
1621
348
1227
349
1435
350
1288
351
1568
352
958
353
1131
354
1282
355
1114
356
1634
357
1475
358
1414
359
1315
360
1300
361
1360
362
1374
363
1277
364
1315
365
1216
366
1178
367
1409
368
1232
369
1435
370
1187
371
1703
372
1217
373
1175
374
1349
375
1802
376
1255
377
1332
378
1463
379
1440
380
1120
381
1220
382
1493
383
1240
384
1448
385
1411
386
1357
387
1292
388
1260
389
1413
390
1431
391
1355
392
1287
393
1337
394
1430
395
1329
396
1240
397
1249
398
1329
399
1451
400
1320
401
1525
402
1648
403
1596
404
1617
405
1556
406
1991
407
1876
408
1431
409
1502
410
1547
411
1558
412
1281
413
2039
414
1272
415
2201
416
1468
417
1432
418
1500
419
1750
420
1532
421
1425
422
1321
423
1527
424
1513
425
1604
426
1408
427
1716
428
2374
429
1495
430
1646
431
1467
432
1469
433
1991
434
1349
435
1646
436
2002
437
1848
438
1836
439
1666
440
1719
441
1577
442
1465
443
1514
444
1748
445
1665
446
1463
447
1382
448
1563
449
1866
450
2104
451
1348
452
1909
453
2113
454
1874
455
1749
456
1487
457
1193
458
1433
459
2517
460
1457
461
1463
462
1583
463
1884
464
1319
465
2032
466
1683
467
1614
468
1646
469
2179
470
1932
471
2205
472
1762
473
1623
474
2195
475
1811
476
1734
477
1964
478
1740
479
1376
480
2057
481
1696
482
1722
483
1805
484
1754
485
1636
486
1821
487
1803
488
1794
489
2105
490
2478
491
1777
492
1925
493
1990
494
2157
495
1498
496
1555
497
1985
498
2180
499
1632
500
1959
501
1635
502
2195
503
1792
504
1974
505
1889
506
1801
507
1778
508
1755
509
2056
510
1647
511
2217
512
1908
513
2552
514
1988
515
1915
516
2389
517
1779
518
2122
519
2529
520
2349
521
1568
522
1999
523
2780
524
2113
525
2137
526
2007
527
2392
528
2379
529
1571
530
1586
531
1677
532
1747
533
2254
534
1588
535
1486
536
2044
537
2552
538
1861
539
2325
540
2247
541
1644
542
2009
543
2451
544
2080
545
1850
546
1919
547
1887
548
1755
549
1804
550
2046
551
1839
552
1841
553
2170
554
2226
555
2233
556
2029
557
1951
558
1955
559
2701
560
2646
561
2196
562
2224
563
2209
564
1865
565
1986
566
2431
567
2257
568
2051
569
2628
570
2755
571
1995
572
1792
573
2223
574
2379
575
2136
576
2219
577
2486
578
2156
579
2375
580
1826
581
2362
582
2299
583
2318
584
3294
585
3135
586
2162
587
2093
588
2140
589
2127
590
2099
591
2567
592
2469
593
2344
594
2345
595
2218
596
2000
597
2861
598
1850
599
2305
600
2251
601
2166
602
2030
603
2242
604
2837
605
2297
606
2329
607
2555
608
2382
609
2060
610
2160
611
2633
612
2313
613
2477
614
2015
615
1873
616
2260
617
1974
618
2105
619
2995
620
2177
621
1951
622
2412
623
2707
624
2000
625
2653
626
2255
627
2363
628
2102
629
2073
630
2812
631
2023
632
2424
633
2602
634
2452
635
2214
636
2631
637
2876
638
1988
639
2011
640
3476
641
2591
642
3726
643
2079
644
3040
645
1910
646
2007
647
2054
648
2810
649
2156
650
1940
651
2281
652
2599
653
2723
654
2563
655
2554
656
2500
657
2914
658
2469
659
2429
660
3017
661
1963
662
2904
663
2339
664
2262
665
3154
666
2529
667
2419
668
2405
669
3239
670
2626
671
2162
672
3478
673
2484
674
2563
675
2316
676
3020
677
2376
678
2687
679
3045
680
2022
681
2482
682
3013
683
2168
684
2051
685
2809
686
3481
687
2524
688
2485
689
2514
690
2881
691
3278
692
2556
693
2426
694
3039
695
2844
696
2655
697
3419
698
2136
699
2755
700
2835
701
2310
702
2428
703
2738
704
2806
705
2573
706
3030
707
2488
708
2143
709
3045
710
2910
711
3489
712
2250
713
2267
714
3018
715
2732
716
2490
717
2700
718
2690
719
3109
720
3369
721
2641
722
2412
723
2634
724
2984
725
2959
726
2948
727
3226
728
2498
729
3688
730
2794
731
2786
732
2889
733
2772
734
3447
735
2736
736
2971
737
3565
738
3455
739
3280
740
3554
741
3778
742
2958
743
2938
744
2477
745
2349
746
3001
747
3558
748
2987
749
3515
750
3043
751
3340
752
2710
753
3371
754
3751
755
3128
756
2873
757
2958
758
3923
759
2482
760
2784
761
2630
762
3532
763
3663
764
2275
765
2917
766
3025
767
3162
768
2928
769
2530
770
3219
771
2391
772
2999
773
2333
774
2838
775
2645
776
2845
777
2882
778
2830
779
2794
780
2783
781
2939
782
3334
783
3854
784
2592
785
3309
786
3600
787
3277
788
3069
789
2459
790
2848
791
3471
792
2629
793
2409
794
2853
795
3955
796
3125
797
3220
798
2718
799
2674
800
3423
801
3728
802
2520
803
3011
804
3568
805
2973
806
2587
807
3216
808
3463
809
3054
810
3422
811
3968
812
3197
813
3199
814
2993
815
2767
816
4498
817
3153
818
2638
819
2891
820
3359
821
2995
822
3384
823
3073
824
3240
825
3406
826
3147
827
2846
828
3605
829
3311
830
4102
831
3284
832
3510
833
3592
834
3166
835
3207
836
4507
837
3049
838
2945
839
3131
840
3096
841
3458
842
2970
843
4087
844
3332
845
3320
846
2897
847
3775
848
4099
849
3224
850
2972
851
3640
852
3436
853
4082
854
3196
855
4036
856
3932
857
3076
858
3411
859
3117
860
3522
861
2732
862
3868
863
3160
864
3453
865
3371
866
3144
867
3034
868
2730
869
3824
870
3446
871
3537
872
2602
873
3810
874
3867
875
3131
876
3992
877
3364
878
3076
879
3024
880
3423
881
3505
882
3982
883
2899
884
3758
885
4542
886
3379
887
4101
888
3398
889
3658
890
4160
891
3267
892
3111
893
3535
894
4034
895
3745
896
3800
897
3377
898
3868
899
3717
900
3806
901
3712
902
3392
903
3171
904
3724
905
3103
906
3721
907
3164
908
4272
909
3151
910
3094
911
3670
912
4298
913
4277
914
3882
915
3866
916
3702
917
3997
918
3671
919
4368
920
3909
921
3772
922
3824
923
3033
924
3095
925
3982
926
3857
927
3262
928
4688
929
4715
930
3433
931
3964
932
3611
933
3624
934
3926
935
3407
936
3180
937
3342
938
3459
939
3452
940
3466
941
3560
942
3755
943
3157
944
3747
945
3232
946
4701
947
3032
948
3381
949
4731
950
3259
951
3787
952
4237
953
4530
954
4148
955
4680
956
4338
957
3798
958
3502
959
4142
960
3293
961
3720
962
3462
963
4961
964
3203
965
3666
966
4769
967
4197
968
4421
969
4441
970
3558
971
3984
972
3697
973
4225
974
3837
975
4332
976
3320
977
3504
978
4378
979
3206
980
4031
981
3542
982
3859
983
3489
984
4676
985
5002
986
3746
987
4237
988
3510
989
3457
990
5148
991
4201
992
4442
993
3792
994
4069
995
4146
996
3834
997
5282
998
3624
999
3955
