1
0
2
0
3
1
4
2
5
4
6
6
7
9
8
12
9
16
10
20
11
25
12
30
13
36
14
42
15
49
16
52
17
59
18
68
19
76
20
75
21
84
22
93
23
103
24
114
25
125
26
135
27
148
28
161
29
175
30
188
31
192
32
196
33
209
34
222
35
236
36
252
37
272
38
287
39
303
40
319
41
330
42
347
43
364
44
384
45
406
46
425
47
444
48
470
49
490
50
491
51
509
52
530
53
550
54
562
55
583
56
602
57
624
58
646
59
669
60
692
61
710
62
716
63
721
64
726
65
750
66
774
67
796
68
800
69
832
70
848
71
873
72
898
73
935
74
955
75
993
76
1029
77
1040
78
1088
79
1124
80
1166
81
1214
82
1262
83
1293
84
1324
85
1364
86
1398
87
1443
88
1461
89
1503
90
1515
91
1533
92
1567
93
1611
94
1636
95
1638
96
1657
97
1707
98
1742
99
1787
100
1823
101
1877
102
1931
103
1969
104
2000
105
2038
106
2077
107
2116
108
2182
109
2222
110
2252
111
2312
112
2314
113
2362
114
2404
115
2446
116
2489
117
2528
118
2571
119
2633
120
2677
121
2685
122
2728
123
2772
124
2803
125
2878
126
2923
127
2969
128
2997
129
3039
130
3057
131
3067
132
3113
133
3177
134
3224
135
3243
136
3251
137
3298
138
3374
139
3383
140
3431
141
3479
142
3500
143
3549
144
3565
145
3586
146
3616
147
3628
148
3677
149
3698
150
3732
151
3782
152
3853
153
3859
154
3914
155
3965
156
3979
157
4019
158
4066
159
4132
160
4141
161
4193
162
4243
163
4296
164
4316
165
4392
166
4487
167
4515
168
4527
169
4554
170
4592
171
4646
172
4701
173
4756
174
4804
175
4819
176
4819
177
4875
178
4900
179
4956
180
4977
181
5034
182
5084
183
5135
184
5192
185
5213
186
5252
187
5309
188
5366
189
5374
190
5417
191
5475
192
5533
193
5549
194
5608
195
5718
196
5767
197
5827
198
5874
199
5934
200
6048
201
6048
202
6125
203
6144
204
6206
205
6220
206
6252
207
6314
208
6325
209
6390
210
6442
211
6475
212
6512
213
6533
214
6534
215
6557
216
6598
217
6640
218
6761
219
6785
220
6837
221
6901
222
6912
223
6959
224
7023
225
7088
226
7153
227
7200
228
7265
229
7292
230
7316
231
7381
232
7408
233
7473
234
7490
235
7493
236
7559
237
7607
238
7673
239
7682
240
7703
241
7816
242
7860
243
7917
244
7971
245
8016
246
8083
247
8089
248
8156
249
8169
250
8198
251
8249
252
8316
253
8358
254
8367
255
8434
256
8464
257
8531
258
8567
259
8575
260
8587
261
8645
262
8651
263
8691
264
8734
265
8758
266
8801
267
8843
268
8911
269
8935
270
8985
271
8987
272
9043
273
9046
274
9105
275
9127
276
9175
277
9226
278
9254
279
9301
280
9364
281
9420
282
9427
283
9482
284
9490
285
9508
286
9553
287
9592
288
9595
289
9663
290
9709
291
9725
292
9774
293
9827
294
9920
295
9922
296
9991
297
9999
298
10042
299
10099
300
10130
301
10132
302
10191
303
10260
304
10480
305
10510
306
10530
307
10585
308
10655
309
10702
310
10713
311
10768
312
10783
313
10802
314
10824
315
10848
316
10885
317
10952
318
11013
319
11054
320
11110
321
11128
322
11229
323
11245
324
11316
325
11338
326
11356
327
11412
328
11585
329
11647
330
11671
331
11734
332
11799
333
11871
334
11932
335
12002
336
12024
337
12096
338
12128
339
12139
340
12174
341
12217
342
12285
343
12334
344
12395
345
12467
346
12540
347
12543
348
12606
349
12648
350
12805
351
12831
352
12890
353
12897
354
12939
355
12976
356
13005
357
13065
358
13139
359
13198
360
13224
361
13247
362
13273
363
13347
364
13361
365
13435
366
13502
367
13537
368
13611
369
13613
370
13660
371
13673
372
13719
373
13738
374
13801
375
13812
376
13826
377
13867
378
13881
379
13956
380
14031
381
14090
382
14098
383
14144
384
14211
385
14260
386
14335
387
14410
388
14423
389
14498
390
14556
391
14596
392
14606
393
14681
394
14717
395
14741
396
14816
397
14823
398
14882
399
14937
400
14947
401
14956
402
15025
403
15080
404
15108
405
15144
406
15210
407
15252
408
15327
409
15403
410
15427
411
15490
412
15533
413
15564
414
15577
415
15590
416
15666
417
15666
418
15678
419
15754
420
15830
421
15901
422
15938
423
16014
424
16074
425
16148
426
16169
427
16211
428
16287
429
16364
430
16364
431
16441
432
16518
433
16588
434
16771
435
16792
436
16801
437
16820
438
16884
439
16962
440
16964
441
17042
442
17096
443
17141
444
17162
445
17230
446
17289
447
17293
448
17361
449
17433
450
17435
451
17490
452
17535
453
17575
454
17627
455
17636
456
17653
457
17727
458
17778
459
17778
460
17834
461
17886
462
17965
463
18013
464
18038
465
18081
466
18151
467
18185
468
18247
469
18282
470
18307
471
18371
472
18396
473
18475
474
18487
475
18532
476
18581
477
18652
478
18702
479
18721
480
18765
481
18818
482
18893
483
18972
484
19051
485
19079
486
19080
487
19092
488
19096
489
19148
490
19161
491
19222
492
19229
493
19236
494
19248
495
19279
496
19330
497
19410
498
19477
499
19492
500
19511
501
19591
502
19671
503
19715
504
19788
505
19868
506
19948
507
19972
508
20037
509
20080
510
20123
511
20135
512
20216
513
20236
514
20241
515
20322
516
20370
517
20376
518
20382
519
20435
520
20494
521
20513
522
20529
523
20595
524
20621
525
20648
526
20648
527
20726
528
20738
529
20806
530
20887
531
20917
532
20978
533
21054
534
21130
535
21166
536
21236
537
21304
538
21364
539
21401
540
21414
541
21419
542
21469
543
21480
544
21505
545
21560
546
21565
547
21639
548
21701
549
21712
550
21740
551
21764
552
21794
553
21839
554
21920
555
21977
556
22051
557
22132
558
22168
559
22250
560
22310
561
22342
562
22361
563
22385
564
22395
565
22477
566
22537
567
22617
568
22682
569
22705
570
22724
571
22802
572
22829
573
22898
574
22980
575
23033
576
23059
577
23141
578
23169
579
23251
580
23259
581
23317
582
23331
583
23369
584
23375
585
23381
586
23463
587
23543
588
23625
589
23659
590
23727
591
23786
592
23853
593
23936
594
24019
595
24096
596
24179
597
24225
598
24284
599
24334
600
24403
601
24481
602
24511
603
24594
604
24643
605
24666
606
24718
607
24794
608
24813
609
24895
610
24961
611
24988
612
25029
613
25110
614
25176
615
25224
616
25308
617
25372
618
25401
619
25485
620
25485
621
25569
622
25616
623
25684
624
25768
625
25801
626
25847
627
25919
628
25999
629
26006
630
26031
631
26081
632
26165
633
26220
634
26269
635
26306
636
26384
637
26387
638
26402
639
26486
640
26570
641
26652
642
26678
643
26706
644
26771
645
26855
646
26933
647
26986
648
27045
649
27054
650
27095
651
27155
652
27164
653
27249
654
27278
655
27363
656
27388
657
27465
658
27535
659
27542
660
27627
661
27712
662
27770
663
27843
664
27895
665
27904
666
27916
667
27948
668
27961
669
27988
670
28019
671
28019
672
28031
673
28090
674
28119
675
28196
676
28251
677
28260
678
28292
679
28308
680
28327
681
28401
682
28478
683
28506
684
28572
685
28581
686
28607
687
28692
688
28777
689
28862
690
28862
691
28936
692
29021
693
29079
694
29127
695
29176
696
29244
697
29305
698
29387
699
29469
700
29555
701
29571
702
29654
703
29657
704
29733
705
29748
706
29828
707
29860
708
29885
709
29900
710
29949
711
29992
712
30078
713
30105
714
30178
715
30235
716
30272
717
30273
718
30323
719
30776
720
30777
721
30829
722
30830
723
30917
724
30928
725
30978
726
31026
727
31107
728
31120
729
31151
730
31215
731
31219
732
31266
733
31315
734
31322
735
31347
736
31411
737
31498
738
31556
739
31643
740
31647
741
31655
742
31689
743
31776
744
31812
745
31821
746
31874
747
31948
748
31958
749
31963
750
31964
751
31976
752
32033
753
32035
754
32045
755
32114
756
32167
757
32225
758
32275
759
32341
760
32428
761
32443
762
32513
763
32550
764
32614
765
32692
766
32754
767
32782
768
32849
769
32870
770
32888
771
32959
772
32988
773
33041
774
33107
775
33173
776
33235
777
33255
778
33296
779
33369
780
33394
781
33436
782
33521
783
33603
784
33647
785
33734
786
33785
787
33872
788
33926
789
33928
790
33993
791
34037
792
34054
793
34089
794
34171
795
34252
796
34265
797
34310
798
34320
799
34400
800
34466
801
34495
802
34547
803
34634
804
34716
805
34734
806
34795
807
34840
808
34878
809
34880
810
34898
811
34961
812
35005
813
35009
814
35055
815
35143
816
35143
817
35231
818
35318
819
35372
820
35372
821
35424
822
35512
823
35529
824
35617
825
35697
826
35785
827
35787
828
35812
829
35821
830
35904
831
35992
832
36031
833
36066
834
36153
835
36175
836
36229
837
36278
838
36345
839
36433
840
36485
841
36571
842
36627
843
36715
844
36803
845
36806
846
36892
847
36980
848
36981
849
37055
850
37100
851
37102
852
37129
853
37172
854
37192
855
37208
856
37232
857
37251
858
37269
859
37319
860
37348
861
37350
862
37392
863
37460
864
37498
865
37528
866
37617
867
37706
868
37785
869
37843
870
37928
871
37959
872
38003
873
38045
874
38073
875
38107
876
38153
877
38168
878
38193
879
38241
880
38330
881
38400
882
38450
883
38467
884
38481
885
38551
886
38584
887
38623
888
38712
889
38764
890
38853
891
38872
892
38927
893
38959
894
39047
895
39136
896
39198
897
39277
898
39363
899
39405
900
39442
901
39514
902
39587
903
39669
904
39684
905
39686
906
39702
907
39763
908
39780
909
39821
910
39830
911
39837
912
39849
913
39909
914
39934
915
39960
916
39991
917
40049
918
40114
919
40135
920
40146
921
40201
922
40242
923
40309
924
40397
925
40427
926
40487
927
40537
928
40546
929
40593
930
40682
931
40729
932
40748
933
40815
934
40844
935
40878
936
40947
937
40993
938
41082
939
41169
940
41257
941
41262
942
41351
943
41351
944
41417
945
41437
946
41464
947
41553
948
41632
949
41721
950
41740
951
41829
952
41878
953
41939
954
41997
955
42034
956
42123
957
42141
958
42229
959
42230
960
42295
961
42376
962
42425
963
42510
964
42558
965
42636
966
42655
967
42673
968
42698
969
42713
970
42718
971
42731
972
42752
973
42752
974
42765
975
42852
976
42872
977
42913
978
42998
979
42998
980
43032
981
43037
982
43126
983
43209
984
43275
985
43324
986
43344
987
43402
988
43470
989
43479
990
43539
991
43573
992
43663
993
43672
994
43691
995
43730
996
43818
997
43857
998
43914
999
43927
